1000
736164
597298
682406
786624
233709
302680
28446
716727
957878
214412
482196
508854
64132
548362
526421
357890
505186
747123
717014
268929
31442
419292
854169
927454
119625
583042
751546
160887
655494
72196
122716
767788
139632
767661
573894
320724
869930
426995
799692
657696
516457
203221
626744
774301
204698
995415
706376
712795
651705
479369
81211
188818
566895
5307
854445
896891
563777
94618
603281
160524
543720
214170
45027
93159
800876
999660
409515
10778
374306
209728
700982
922930
683627
890191
5416
771216
160100
436162
858987
767812
188815
861278
663945
527649
950095
8355
1621
273586
35404
922672
163032
355816
563522
127783
855237
205905
681838
172974
106780
827109
736794
581327
7756
792280
487512
422786
149075
141821
930890
652881
972686
887085
739437
338117
277054
652185
823963
826860
111229
53259
298704
16617
493317
922204
227842
193934
364142
473193
776726
624932
288539
692532
861494
303536
102195
958428
613528
879909
771765
190695
402255
264991
819062
80397
629590
313769
246427
450549
513081
955812
486125
649044
627186
945830
419008
381548
494927
25611
726416
825248
926929
401542
416551
343678
125163
382761
320889
990673
243934
482545
809698
405868
386843
998255
361430
934452
999942
915144
452357
882125
252840
101239
960623
219991
927864
358387
83909
106718
525903
181364
456719
777244
119003
876760
889239
809296
169366
831962
110599
679571
644477
532392
997043
757867
69673
681475
100722
705842
434125
161084
593626
306007
928089
798597
621514
511136
896502
261982
614403
982269
498533
556955
597262
5647
698992
552119
245913
699119
502875
56910
510084
369042
703672
689902
524891
769316
113155
902951
619829
385894
639093
806763
55136
26401
745972
149363
221276
912082
48261
45280
783854
736403
856235
582614
787799
162602
309657
526021
796237
391813
978046
168838
992379
55883
485208
743180
692090
474958
156125
473576
262096
514848
14535
159886
694316
713542
661545
271496
959433
403519
928277
544209
245757
304478
513086
477737
372001
444184
829747
976333
201137
836530
126695
494896
839850
216661
703703
851384
29962
308085
578410
53767
329518
184895
481746
816928
401677
352201
915295
772833
61675
381506
607807
820914
98100
905504
861758
645745
31676
674488
465086
201093
554670
512780
110264
327096
128494
787620
790578
344918
387056
390372
387892
605363
294688
917252
677450
377492
227667
87133
187398
483053
397211
676091
319524
617296
344050
716993
25295
728410
361295
657905
951172
958930
24074
984293
396132
820643
598482
104962
132219
611107
663950
738915
437230
964317
5265
585611
101402
131826
462387
419657
537814
965992
667466
816138
466714
188272
585796
619147
222316
936780
604809
909306
877788
760634
252132
814837
140826
3490
148688
178315
897881
237460
77111
824279
195071
112599
982545
353691
116965
870896
794037
754989
284212
282936
580151
129050
483013
655560
666164
923629
171512
380781
634994
920010
239087
306011
961493
402452
592923
426232
440339
400863
840407
652551
643955
348535
449656
383640
721780
489093
963101
440141
970112
54097
699697
689780
197971
991294
634139
760965
149702
295245
854362
70994
677745
429607
762611
359788
428965
689916
626639
773
587741
640804
324832
964724
454560
969087
292036
69295
754877
189383
795607
309686
646783
534624
536293
398733
101482
376669
882249
602260
91332
960561
767407
895143
677722
254807
869624
23422
277789
989700
157859
498233
470420
639673
224494
728745
326610
759867
862122
495372
431895
108580
293859
424769
656125
500161
135614
952484
268945
730949
71017
61498
171240
736642
820066
587882
317692
328030
276915
739198
887241
802120
48065
223846
817884
292394
845614
147869
99216
390989
162327
103245
747413
761410
164546
607288
496148
903395
151145
876797
44738
466925
826704
464752
453749
985534
996288
708952
444996
250107
86696
775057
736716
915729
254547
433577
729171
612859
44282
914346
359559
162113
57960
756540
227499
996535
555821
524389
159799
179235
610251
707021
832864
677308
131386
28213
595021
270371
642428
731925
566820
992182
511157
376315
137314
566452
479274
605631
545521
950665
814071
37918
995307
694823
235727
496645
422493
407807
864579
130747
444053
821134
558321
85010
962085
179161
729558
216541
943085
939467
592194
906577
508633
444546
943866
50561
822480
811965
31636
802322
568151
707833
729773
923445
451031
152268
982611
297611
267235
155151
535359
389673
713578
674383
55041
252161
425288
692788
847947
928225
821651
222193
417947
997974
34680
265640
316013
386137
575224
986527
916463
239268
769889
951380
389619
811085
214714
160286
781403
879352
987477
141861
355562
224453
722420
279052
65629
732967
852167
152752
848655
533818
870326
434067
916129
244001
43678
532627
823404
222616
588100
420995
449699
267824
571279
184928
826132
371816
603573
382925
736921
139730
69613
308563
344256
866593
386369
360084
79620
860072
784613
686914
127965
972615
567606
757080
162943
64822
999268
685649
879737
86899
748984
133105
269264
619211
476163
308059
790683
688006
604299
380269
355381
31696
206470
901000
941404
450826
412380
284924
55447
105212
38042
669991
624601
131635
291616
590753
26812
461764
740349
82096
367904
150843
533514
592850
550612
764274
153272
30496
333626
61067
260319
393131
440104
381003
113549
688358
593731
148911
422470
182547
536459
945463
97382
955967
697545
405546
85616
975180
881892
279040
919521
490716
62611
733450
200651
907465
938537
959820
954095
364497
661442
464159
753842
941629
621539
107370
382373
550999
215089
114985
6357
845769
128173
486038
504750
139028
704325
564269
278102
576830
265323
398024
253073
729876
285862
177795
712072
464272
283156
439837
551347
816820
527000
908241
450033
686794
629091
55301
479427
98694
257018
106272
306518
43963
322501
482478
480286
964934
165985
257632
12978
800344
742324
951108
15133
468585
612953
886565
962358
210216
378310
537281
400004
761119
526340
673656
675720
762343
306509
720224
389248
56369
28737
161655
128768
215720
807077
284425
888117
782406
808000
621742
974447
759639
46724
144033
499281
630132
506737
936178
820632
141798
80889
536875
409299
638685
672455
414817
82955
585123
13340
857910
677592
664297
391826
883301
681459
812304
46470
35988
404501
733341
397287
382717
91733
287598
316212
480409
712943
505022
880122
53672
855568
682638
840099
47182
669557
798465
517129
547232
470970
842154
679249
847651
853492
204489
737531
950276
339362
424287
449993
560132
814725
478653
153644
229001
88739
210444
150719
908444
383647
375331
146601
998762
987828
253369
945946
72219
761867
40625
821625
133041
979462
236008
282242
810621
216137
640888
184967
914023
233153
843211
674408
347988
649236
42647
970043
931066
898873
171348
191723
783175
150429
886560
999762
478303
338920
244242
541456
699774
165951
305656
66825
395323
416025
34482
58739
428736
34431
734533
83207
377024
55110
952329
721545
359993
155048
187148
143766
827359
726801
92644
973405
128593
932579
740133
674569
846149
17628
693357
492355
967463
458497
959587
44282
5416
876797
130747
738915
381506
567606
382761
104962
10778
252132
160286
887085
309686
23422
806763
264991
94618
756540
846149
422786
216661
888117
461764
526421
398733
473193
630132
179161
585611
80889
681838
268945
81211
922204
536293
760634
798597
729876
395323
390989
419008
790683
783175
593731
820643
434067
253369
796237
462387
905504
908444
389673
736403
747123
879352
113155
699774
627186
914023
820914
903395
98100
329518
587882
162113
499281
672455
324832
404501
926929
43963
853492
31696
285862
512780
203221
313769
119625
237460
597262
401677
713542
69673
319524
56369
729171
962085
757867
764274
776726
674488
287598
855568
16617
376315
428965
663945
162602
267235
587741
619211
510084
129050
283156
941629
131635
694823
344050
478303
575224
449993
895143
101482
999660
812304
886565
525903
265323
397211
53672
374306
896502
795607
372001
156125
479369
617296
524389
677722
535359
740349
359788
578410
444996
70994
651705
206470
870326
191723
505186
308563
227842
339362
887241
360084
802120
177795
593626
864579
476163
726416
982611
861278
960623
61498
387892
543720
400863
656125
47182
769316
736164
179235
195071
999762
15133
161655
391826
760965
645745
99216
736642
122716
382925
811965
141861
474958
91733
92644
967463
526021
938537
201093
260319
320724
829747
147869
692090
964934
513086
912082
907465
915144
71017
308059
498533
481746
110599
367904
149075
682406
380269
973405
146601
31676
131826
854362
740133
639673
389248
168838
431895
955967
854169
550612
851384
959820
268929
951172
253073
802322
454560
674408
743180
7756
703703
820632
706376
197971
840407
155048
53259
55041
996288
960561
498233
103245
533514
224494
856235
854445
883301
382373
613528
344918
526340
214170
150429
537814
677308
800344
148911
128593
239268
517129
391813
861494
17628
767812
127965
100722
664297
603281
916129
906577
26401
119003
333626
728410
278102
995415
222316
40625
855237
380781
55883
999942
787620
816138
771216
566895
450033
772833
688006
210216
998255
930890
127783
677592
205905
254807
943085
26812
482545
965992
464752
400004
508854
483013
932579
827109
657905
836530
72219
160100
98694
585123
386369
82096
811085
792280
1621
295245
564269
870896
303536
612859
215089
955812
246427
534624
511136
416025
717014
45027
150843
524891
675720
592194
46470
821651
426995
978046
451031
626744
890191
139730
771765
13340
563522
728745
364142
961493
5307
149702
139028
14535
916463
227499
642428
598482
297611
831962
847947
708952
595021
563777
468585
452357
798465
814071
808000
496148
514848
621514
646783
692788
444053
554670
61675
328030
698992
407807
782406
422493
316013
842154
494896
886560
412380
42647
676091
730949
495372
602260
908241
126695
995307
478653
466714
634994
649044
184967
402255
614403
486038
919521
165951
344256
200651
731925
729558
383647
239087
28446
152268
532392
739198
889239
338920
629590
681475
106718
950095
160887
931066
216541
245757
721780
694316
987828
629091
38042
386137
449699
72196
712795
91332
223846
661442
969087
371816
726801
87133
434125
896891
603573
270371
661545
56910
774301
284212
902951
536875
229001
644477
901000
470970
761867
823963
377024
6357
915729
128173
449656
381003
722420
58739
819062
440104
302680
573894
490716
972615
784613
663950
243934
876760
440339
171348
847651
439837
634139
852167
355816
767407
869930
298704
950276
927454
397287
269264
188818
43678
505022
508633
483053
952484
716993
477737
358387
607288
153272
162327
568151
402452
125163
685649
860072
826132
590753
619147
88739
381548
227667
376669
486125
390372
915295
425288
108580
102195
742324
85616
444546
683627
958930
959587
184895
273586
416551
869624
624932
957878
987477
917252
934452
582614
547232
532627
437230
626639
450549
686794
214714
761410
131386
952329
552119
682638
348535
513081
276915
132219
393131
133105
352201
640804
817884
69613
216137
187398
736794
777244
866593
48065
959433
716727
845614
879737
485208
190695
923629
62611
713578
161084
571279
189383
753842
950665
964317
55447
405546
261982
83909
839850
61067
991294
271496
29962
963101
611107
479427
97382
487512
111229
465086
466925
140826
712072
436162
326610
361295
555821
992182
693357
814837
144033
34431
139632
304478
34482
357890
265640
48261
210444
482478
409515
204698
943866
93159
35988
677745
605363
679571
46724
420995
31636
31442
482196
257018
689902
922672
583042
135614
982545
187148
66825
761119
545521
409299
137314
83207
821625
689780
322501
667466
279040
262096
862122
159799
153644
767788
37918
823404
141821
712943
377492
114985
355381
386843
840099
699119
429607
159886
308085
444184
480409
945830
677450
282242
112599
585796
149363
681459
25611
419657
821134
492355
233709
998762
148688
141798
809296
85010
786624
820066
506737
414817
652185
69295
759639
284425
8355
825248
997974
657696
775057
252840
754877
424287
28737
970043
721545
86696
923445
604299
288539
705842
962358
643955
405868
458497
999268
236008
997043
655494
57960
945946
267824
640888
879909
927864
419292
990673
909306
55301
502875
824279
172974
881892
707021
30496
116965
279052
936780
422470
53767
794037
355562
769889
79620
566452
536459
284924
511157
759867
880122
250107
707833
277789
480286
64822
958428
361430
941404
86899
704325
150719
974447
320889
294688
201137
464159
433577
745972
456719
936178
964724
244001
612953
979462
306011
669991
787799
292036
581327
604809
729773
556955
221276
537281
277054
592850
101239
939467
106780
169366
922930
898873
970112
809698
164546
700982
182547
858987
54097
984293
666164
597298
107370
928277
652881
689916
493317
560132
992379
401542
533818
621742
655560
954095
113549
157859
128768
317692
215720
754989
35404
548362
306518
781403
699697
733341
184928
3490
605631
807077
697545
65629
417947
316212
214412
306007
882249
843211
757080
897881
826860
204489
453749
751546
291616
244242
592923
734533
106272
762611
293859
541456
783854
219991
674569
607807
737531
24074
610251
832864
720224
385894
45280
155151
222193
188272
473576
619829
403519
736716
877788
359993
396132
686914
845769
732967
77111
982269
171240
398024
101402
387056
920010
338117
588100
34680
440141
327096
82955
382717
424769
292394
882125
736921
12978
479274
160524
816820
359559
652551
928225
188815
55136
44738
551347
762343
64132
428736
945463
5265
550999
25295
306509
426232
110264
489093
566820
282936
162943
470420
822480
178315
222616
773
790578
252161
5647
985534
128494
989700
450826
928089
826704
624601
389619
143766
914346
767661
747413
814725
305656
235727
951108
165985
975180
986527
544209
343678
133041
245913
364497
496645
799692
857910
692532
152752
494927
673656
55110
347988
504750
50561
748984
369042
527000
309657
500161
257632
951380
848655
639093
516457
638685
972686
688358
861758
976333
996535
827359
810621
669557
649236
527649
558321
816928
679249
151145
209728
739437
254547
703672
375331
800876
233153
621539
576830
163032
28213
105212
181364
224453
674383
733450
378310
193934
171512
464272
353691
580151
383640
80397
