100
782468
503381
179645
387207
513681
117853
821898
84983
528715
645122
252276
311137
791031
778976
600857
526222
607357
458316
242059
982145
760809
618722
726939
227400
51717
17589
953363
438803
529184
272247
887360
890363
82262
806
719616
615430
990574
64426
301546
392648
303403
736393
16131
433124
82754
481701
14744
207692
72105
427478
659819
914236
945122
587441
172808
847274
737391
21489
316024
434026
235069
492031
727444
116090
179158
609135
253645
535914
32093
707328
86972
560831
18213
740747
104611
287377
554176
337507
351284
712107
595233
745814
88566
694527
615509
358539
757153
478277
197720
171602
629866
389119
348729
116791
294273
335472
519230
817323
243738
413507
782468
503381
179645
387207
513681
117853
821898
84983
528715
645122
252276
311137
791031
778976
600857
526222
607357
458316
242059
982145
760809
618722
726939
227400
51717
17589
953363
438803
529184
272247
887360
890363
82262
806
719616
615430
990574
64426
301546
392648
303403
736393
16131
433124
82754
481701
14744
207692
72105
427478
659819
914236
945122
587441
172808
847274
737391
21489
316024
434026
235069
492031
727444
116090
179158
609135
253645
535914
32093
707328
86972
560831
18213
740747
104611
287377
554176
337507
351284
712107
595233
745814
88566
694527
615509
358539
757153
478277
197720
171602
629866
389119
348729
116791
294273
335472
519230
817323
243738
413507
