10318457614513
11232662575445
9419919833535
9154510721053
9669693362148
11217040651415
13734922326791
11580916401847
9937443087501
9784053286355
14719494239019
8306946927838
12268071265480
11657909701738
10692175123295
10334613134155
12694183551464
8733095649852
9721332548265
13013858630237
11330976375023
10263392997933
8495398156512
11164647562257
8885608968590
11625051406638
12213034930658
9091423960410
10906814110741
11836727279521
11389609927843
3494825984138
1324513688771143253
797533765436084934
1505137602554249334
1230232912489480503
112818859779080523
563466200493110085
846286073351091921
2012498187927051565
605762586168054941
2234016948774935405
993934689163455538
1524278127966485038
1833240801549661533
1281223284264441210
1723204086487717774
944110440927323070
776352249431229566
91340235829420345
1549519738858976872
1556891216830840784
1056113848597849001
145316034774160324
1082430495423497714
1757513410719335269
551045444070858159
1912279383795758664
709036233420519620
2265821729059760529
222952963027253007
2039827280038958724
769802753259696550
