1000
626397
8770
610779
485692
5540
741546
600616
379881
936802
267646
790480
604237
111726
331927
921316
130124
496132
27099
107703
932727
814592
751004
718942
363287
15697
736586
969
733348
670606
454476
293359
711810
354016
3848
689181
346994
717820
295617
901596
365870
467602
187768
797603
505605
800817
704459
181076
490785
518044
594273
206380
833629
212156
894475
985080
938716
666234
432590
755869
314256
124224
772970
482907
450193
438637
491146
244824
145428
374020
218043
838671
600773
344715
50792
549566
851305
666539
230244
507284
533824
429385
823355
799075
291697
480284
813159
496516
585018
248831
21951
661074
680324
778713
152216
179126
880486
457557
885183
822247
749660
420451
136482
589029
225558
898271
4185
460152
888885
683455
598629
435665
749731
322582
107227
661775
29777
380856
196753
556076
604836
379399
234254
623106
302743
283878
535201
630343
296413
624706
216367
224059
301940
319678
710661
126204
400930
996757
565601
220439
375635
800427
476590
204328
881732
307229
518491
973427
758140
914419
395637
562906
270413
505798
807308
453008
602121
124670
182670
424830
379773
310009
999129
734678
225387
964551
767745
603831
772854
307821
591246
175486
776858
676906
29588
198605
605238
599564
753531
446661
564692
550311
832618
126037
864043
622691
55461
520869
700846
92347
784283
345900
78433
453248
377010
707824
261396
296927
738315
478521
94425
604985
977985
183143
792886
919636
814777
936305
543915
689099
158200
164928
499903
949466
656634
796426
945154
714450
986684
313486
192399
551373
990952
362080
778739
892301
614768
698741
650404
710602
879010
232341
627765
355694
803144
145449
824836
234598
258995
458865
989429
329666
679633
817037
793481
211122
310982
28101
610947
618244
447365
966821
451367
356559
43017
801769
330744
835841
193975
388770
279992
46560
51039
341582
606990
980129
656557
304096
125158
626090
964314
653421
417214
255392
868413
296352
946352
603399
393864
148208
559723
895427
931993
254097
344146
88228
399905
278618
550454
917766
692096
367610
646424
33724
738650
504993
864391
839535
311485
328264
82376
212228
148769
898426
970496
512382
131413
468140
480949
582217
423435
403858
477792
178269
234291
649913
897838
147140
621369
502093
115279
602185
465416
768309
950239
860917
98531
859028
247397
488624
978825
765578
558679
413936
851960
653854
866080
673851
964054
329747
764069
695013
719876
909803
514043
497257
495906
53520
27598
362394
940108
988080
519226
398442
20142
575030
744909
401240
351926
326714
650431
552591
420911
224488
32760
518181
888760
328092
708236
840794
775851
347388
347870
325305
524297
506233
814011
630806
685444
4633
148948
495383
94495
432945
253080
760247
789015
572053
248200
143667
908733
703646
812013
880447
53452
851283
427439
166192
430615
565986
1030
858003
1410
892351
418166
704853
3647
699793
875124
588639
851921
620526
982309
50339
192024
608921
408430
470520
798312
552615
809246
429651
700439
949944
544258
688141
681801
151758
70904
599738
729895
972984
352823
396513
386065
207777
574425
676229
846331
115212
724641
11355
488692
634683
998491
598270
687451
283728
306514
132814
876582
720184
103345
53565
745651
803989
365919
768561
785093
124374
941001
32665
356718
526299
813593
306997
423496
152871
772022
558660
762294
167557
293959
512433
818784
890680
551661
562098
700648
197705
291785
223531
496272
453700
974927
51426
776847
816818
679691
967559
538253
338661
543601
419932
574567
832982
835346
331030
283455
70990
669817
193436
651841
293365
338352
236229
784871
55972
610705
699727
373856
756049
238993
343862
744562
421351
328371
928150
331019
304215
693813
382832
788393
998902
480709
287942
267904
827696
804204
292743
725144
574237
700783
985629
650813
631571
686478
212553
879946
497818
276319
979282
722719
579906
221200
173944
203944
605692
356512
200284
310427
898580
82661
448627
966596
790432
56719
838841
827534
501707
826376
351995
724105
760859
257359
33212
551996
457293
540868
473786
477566
297118
146561
286534
547220
103974
272740
771044
486080
974488
283826
115688
103041
315290
842417
493346
977826
631971
649280
731537
341366
38596
305079
495426
411870
656071
985813
654411
341076
650053
107820
134978
147091
172384
895208
323327
92378
525423
452031
894070
944506
661162
825694
542706
740405
222829
590558
663504
69650
117327
934011
472344
936567
727321
795517
102325
766259
562817
800310
81555
195692
78785
144863
428653
98596
719238
965785
777558
886487
720345
434898
362717
935770
681191
514593
770872
843823
178052
749384
559121
308745
265963
257096
386319
336056
190225
758080
542729
973791
102190
670224
877491
976789
998250
280187
295661
842959
224724
330253
40196
406453
783449
194376
18347
952083
326470
893441
429272
684523
205219
349204
341892
300547
248267
646576
991903
806830
118125
888779
535756
364357
74351
691514
416362
807873
395621
32974
689368
864246
356929
168885
722403
612754
484408
334728
133754
79184
684918
720892
400308
961053
452885
922032
60244
590848
448434
266397
756268
142513
114897
949775
7823
484748
75286
428299
148903
877178
344494
112186
272544
58800
24510
174401
600833
946047
247532
661778
404488
929595
838047
969622
157405
237956
553413
526395
208928
190803
347407
517307
374878
508428
540668
93433
980067
357467
554621
695779
130179
62136
129690
571464
592002
452038
958195
889698
988485
923354
538294
181739
811752
655602
576564
936011
375368
317902
43001
731000
790607
668237
311443
238246
316289
21341
934891
897054
301668
14635
174664
977989
211295
148226
254833
553804
387318
79029
390394
267690
823172
321964
171776
313065
116002
807416
31831
766208
267488
533663
926335
446878
434737
229770
653325
94711
523016
856734
959997
375859
791484
564209
248790
862882
213272
14630
976232
412116
988639
462981
514113
391028
999927
578593
416540
415374
801785
289117
516853
900772
657696
298658
912523
21440
253595
968841
689501
477184
453985
813308
395731
712257
984049
575408
27649
693923
794145
90854
71712
589170
50567
136004
929863
930312
135562
914112
62487
658475
1207
740734
285860
506813
495003
421186
797680
118170
525783
723460
103944
23149
786392
930702
646039
562524
449443
393852
140830
515512
426130
599925
163365
663048
228785
483484
175901
579241
914326
973580
13113
121541
423391
708051
798755
658861
54912
920692
476685
268362
837552
527345
551444
341872
89833
236356
895187
903602
800067
492518
136384
82469
261764
836191
594139
88229
713721
585308
235112
347847
143019
635406
669646
992143
658482
826867
862632
882527
702030
420411
50049
832968
377719
872970
441054
200141
980380
651319
834008
213718
5351
46236
434802
777994
151162
788112
751162
867424
644131
338919
294840
577211
52620
5937
835172
396531
215728
278549
996338
37999
823095
419318
677617
821315
458333
548910
338660
863455
872748
338468
129868
431547
758268
138997
563160
199960
504510
713400
777199
112033
391441
381447
968617
820982
836178
941089
17888
75790
625248
809515
833323
50455
290074
869967
654009
694903
