1000
31579
588767
305439
375772
893653
621947
117836
84728
908090
209274
260130
55782
154335
254669
842848
478021
670368
103014
337084
619568
829846
79699
750504
601899
333598
686112
858302
653388
484444
517189
45991
813448
447694
918739
922314
577361
703207
534676
426516
492352
790441
730540
964136
343780
26204
245501
14588
119144
447424
66317
287757
363252
197697
330973
103147
257163
568980
825380
601689
17670
493300
356090
518338
480534
788455
12856
854979
402891
737094
64748
308423
90399
884531
138561
691033
250000
297259
773210
745204
821123
432256
848453
186121
948065
136185
390377
174181
278963
337404
383983
469168
995029
412921
64409
186528
789995
269530
69749
862782
860267
292127
487373
26237
30424
736633
173995
900786
353612
276829
710506
767975
730386
922473
532033
256347
994373
741228
592518
923246
167623
150449
611661
849320
963838
508101
89394
389700
16517
463222
684809
812295
911883
422911
457176
659789
62054
890531
782161
997924
448707
58435
863058
612593
183460
914305
996210
344097
5685
861933
892069
292959
477751
796028
913061
632433
479211
332174
148731
779147
993168
98714
151301
673131
448757
184867
269969
12353
612472
358207
235614
144672
367411
428754
469955
18497
908303
153506
820179
19186
929910
740171
738052
208556
179546
585771
897863
23672
592214
720749
794146
972297
635353
698991
456650
297930
171239
266166
63285
536283
444875
513950
926198
372163
937859
968140
466228
610976
953735
112779
343016
600198
151767
381586
583853
286317
835791
452368
399045
681729
762893
156469
774347
93712
220106
940635
134348
617903
138179
372771
33621
247269
289382
51557
911768
207129
227126
229521
12022
493664
954006
563355
189159
124101
46812
823199
218920
839491
54769
163420
74916
372477
412813
457453
637439
565250
511170
724295
34132
28832
646904
822562
559677
899645
839560
993493
614352
7716
801735
376547
107865
699359
768402
715373
738142
692108
283824
594042
493852
335678
325257
476459
216000
139925
811277
986569
322576
10828
199156
786715
38928
203411
58027
606807
320084
515821
116241
751922
81658
220951
730166
562642
629481
298510
625925
168139
564747
96662
862457
210664
225831
466296
940350
375563
320050
404150
519198
336137
564917
148243
99038
819526
224632
559569
708545
807684
494697
629805
795712
152452
588108
624292
328751
613708
715882
243225
899302
995505
380831
978168
993387
130327
951997
973466
614752
992099
126597
64874
169118
786845
770119
620694
427494
497472
458215
919011
858520
722563
322081
968653
805177
759126
765993
756784
559911
14461
138133
59680
319026
890557
361627
162202
351123
73279
360633
739303
562119
394068
183646
723207
743208
331690
810895
468157
428986
384434
500771
362141
384917
113332
554134
918662
106495
77393
634238
134350
304978
398961
591456
995963
384048
836313
65453
95089
168260
925153
820672
322200
979170
197564
542704
617037
738273
497067
722051
989896
92308
387419
360900
456668
660339
646771
96903
759421
766857
613152
418297
913248
139028
225445
740694
9393
148030
270125
92498
161883
261845
297565
591292
562047
501136
46263
342054
378236
834817
276812
502249
470674
164172
931369
155139
866573
454882
678633
800194
601264
537010
806264
297526
217146
432124
618927
639063
201778
123152
274506
304976
188916
515667
554594
791539
755663
846498
819775
336385
488216
157538
913790
328914
91686
78178
849471
722208
75328
859976
688711
672525
384978
289350
958195
836303
196882
637314
201590
530742
40177
98061
612287
462688
866510
561386
799955
852522
371868
31073
365360
412473
986756
941650
126036
730858
330373
736013
880894
970797
929549
110882
599617
201528
284400
922158
519496
55993
48165
415748
565515
672313
586947
716248
837752
956717
487669
794179
811831
530132
773856
426670
652028
881830
880584
507603
140003
193312
342898
566584
883239
271993
726030
412104
368797
666621
891265
175156
533113
973924
53896
345944
987538
668996
285575
797389
173288
413540
194770
609566
213478
724550
567107
426679
457434
992643
146995
586527
395418
120318
535843
281263
668685
130716
209329
545458
454066
777268
958082
679543
777379
347923
732358
600591
923919
333928
527769
81901
483723
337337
875713
445586
776928
270317
906021
385785
622100
158154
808470
780790
37658
648313
825882
871929
130124
145210
475396
389986
671600
895802
533883
467518
363753
917038
371637
91320
978103
177100
349884
790052
958706
678821
610245
477553
796760
837987
582716
668085
856248
904985
4690
463221
9303
201630
106242
756395
250074
403430
206159
71642
855600
953670
703149
740042
207863
31397
163749
736875
840926
59407
971165
474723
926957
215648
778613
289897
518857
686808
543588
180062
681789
442920
301974
457958
580496
54642
784436
34163
865559
49856
818690
42320
923173
448004
200795
937520
706017
128788
622257
126683
403403
845530
525733
397626
718255
757602
308347
389992
17481
246385
44564
788423
815933
465134
384707
912582
600374
539352
592420
454091
93463
631531
840409
329393
696973
751020
219618
895287
822527
951037
357394
185242
898770
883743
936425
493232
224086
505810
168890
63163
630173
662882
20313
130765
631979
742973
865757
613620
111832
728991
166201
904585
845713
799574
172227
920926
864918
370069
401642
238807
430467
607740
328027
126341
539778
870990
421392
900293
392777
876783
664715
73623
46886
90581
880620
356695
625141
433147
15413
684051
166199
656308
836560
899705
12645
657403
104467
836647
144723
921682
214928
804547
482549
468946
898414
333469
954681
514027
116419
450559
916776
6013
379427
777244
11126
827350
757362
352868
835381
385103
212495
562832
47915
711778
568318
678141
655282
931890
586912
406234
590259
821805
147594
572260
556310
163941
573187
43616
454681
481744
364926
198768
142114
174317
783920
121567
497130
137179
392748
374839
211377
73925
743131
222581
735893
978441
531805
988528
622466
160843
680171
119283
165872
68464
631868
901813
68758
218454
636913
408000
58547
625866
479484
830433
330205
458941
117571
71383
933123
875299
237699
723498
421330
224657
797790
591469
284811
531716
211147
607159
871081
64901
50157
433818
488558
570059
613974
2631
444261
152606
334258
652212
539901
345847
735428
836033
14800
826514
145053
605149
558958
987641
316990
261334
265961
601869
591402
982476
62620
614632
430484
170797
221002
617701
686336
94540
466811
926504
79755
226660
794827
687122
926722
717171
794535
566252
379446
134877
467630
853642
355098
912045
315842
265315
795215
235637
410059
195409
598458
792279
830070
772449
108198
520091
226921
538714
485816
319952
35611
450950
136859
269658
613512
870280
685161
521694
816100
417682
779977
151951
511582
402818
39406
165581
837616
459474
202786
953569
5603
815320
819547
858874
855046
709991
952658
218020
365602
141947
588305
41356
882718
1140
994977
402159
212009
789096
314470
449032
117144
523845
582174
635282
761033
140149
624212
502586
206651
608043
577633
688689
175808
59743
861239
307041
514446
400733
132806
565917
168125
810197
550093
336661
555597
190052
153898
580572
