266494911069694
281012989687931
265470328422137
274753737564537
277158344289362
284374915448968
248496651799139
264787965129376
259072823419977
271892308185757
266830400880524
269236119501547
266817811026218
276416134583350
273409990720145
273450077408731
287622226009609
275487032591181
279949405684122
271086947190501
254628426402171
275983534569255
278412980540245
258287788401230
268933359806052
276508166946613
282446125785576
283058057074240
280464561559837
278340419792114
265873246118489
283380431948383
255412622222196
282374546138050
270862085828622
259553281540231
295821568840128
270819888173352
277553180750571
276429139523261
264977289897643
282297371684762
276556038714578
265218339787417
280212715316455
279643307048992
292364338933353
295509564945015
283065190601397
289567023553577
276786503495614
274650155760500
293283435943022
287057513642583
270560888393968
268406082260518
263820929299883
273997071587123
274860672118754
281180453419121
281550667176417
277427972599827
277643107086142
261728540482588
271028677800195
275501516395035
283108984633174
281058558424187
280497839918695
264633918971635
279242721337213
269963882227191
267345193096355
280614661139729
268689819366077
291867071229354
274196281035519
283535302438992
257360524315312
285255133136614
263068546161336
268819190794880
262659500987438
279751034095445
265497920452133
275741183682466
279287050834225
271340157301386
274129739721622
274752977822176
285318742560599
273198342591183
260925454821963
255026298407940
274630989031532
256401980388107
304277013309594
269866996056103
276484152965417
259033831432226
278740319336663
265534956720190
290089811006857
271400512892795
275411637991571
286655392528364
274217303298471
287593364723378
257302868057119
271669894073644
270495802483560
272770527815548
267074334153326
285671164731939
284003722308524
294809116492397
272958639683462
265973434186628
281843038306507
267250781026733
272509731012940
286092240550454
279022511615954
268537435816754
261359943743847
287341627494378
271871287786393
267967610654085
275459081732731
270487976995827
268034735175806
278939095890334
283030487096288
278320203515157
272203968695940
283282076834180
276331478565484
269884950509062
279258456411220
277232007180447
252010886692825
266602773955021
284134119994323
281254407587631
263094478555797
271116458887516
273785762452091
287617864312623
269156588302334
260333836157311
276793929891122
277749289600208
283523393934292
277227107189144
270652053354565
276280512658453
270040196255092
262072295134109
265648365254397
262695425106442
267578081414803
278276376503838
262699891402830
255473455511380
267291290539238
273485861046052
276284863349424
266866428385138
283941158394920
257748493599769
273615811521081
274892599923606
273493317417678
278789315019820
281482906234086
275251627725404
277168896518399
269417213536543
254020757796633
293165569634994
265313545160632
281322738962335
281584423199706
262858483352554
274781554730145
263249637070064
262702576001006
265459496197091
274837213712478
277243696637855
263385768305096
268135497112521
285833893712743
273063442375706
288784439692191
270872533304564
272009750092772
277085909032034
282240919303746
289362983072570
273990911164166
266429321381977
273778203116216
265219711072542
287114182026810
281434345300014
273816709787933
267765965502989
280175864103180
284066004936078
268490423898190
275204704344377
285908460171979
275948343624430
270667687216170
278729005546685
267454095958679
258647014846032
287318511941712
271612541209925
273814651322182
261996463132829
285779134291373
260304991634364
255962059950718
285025312212104
280615427087255
273373496432360
266301966820234
272884208527002
276781401791840
276326681249968
296791116540090
281095474524634
283814438799568
278425694365878
276703102714721
283787558635586
285162839694400
265739566227914
265641152191600
268622335636690
275369148474910
281887226232796
280622779472436
273923199797296
263699287349671
270750035001923
274648055482748
278464810246884
282352569031676
289033382065162
284920579168442
259238143821530
265264130504154
271871085164695
268227237111900
276817287631956
274945447649088
276215136762905
269777957825784
261658447271432
274517554020132
276875198601081
262494060246765
264560887349420
274197850134933
285485684951795
265964679063504
273105655826380
274655795707974
281597238886330
249472108088543
285723455390014
273085338350732
270974258865855
272989066828699
275203645709071
279069748312338
254823672127052
275166538330433
279262059471466
274584245375484
279610326436745
261849614237485
290126142384024
267376923059783
263534422424474
282984557482286
273541341647273
278694226957735
266034018382739
274782334248550
265449117591326
275165617313247
287774834276979
269905379143357
265488010385948
269812231185932
272885570230165
261387670026838
266273796215022
262892941094127
263784309365141
276468642905298
269102376238896
260009325759660
279764426280947
278444752152308
303037165699025
286177484969197
274816221628010
278355527964588
269490771537621
272134812553053
267289934486491
277862303946295
279737202501840
251258265141513
270821276634827
279360008926723
255016406389773
274952074419836
277925038662521
270133217732170
277532730483390
273032883979352
277066458564721
273011976326860
275008103513540
278464108535220
258866629154364
267925933177003
275676165424366
266809093893636
265405886625400
263885617952398
262907911442648
279575578456888
260967715287437
284647358969430
272409946009880
273532782066113
280582675729076
279074156584179
272437870326051
261990813816880
266298952167557
275896230633737
278412638784592
294510008089030
273158686606742
283107171083443
276872996895439
279954535215097
272363907601499
276828580569041
278524746611936
278706414980453
272890590182740
276530293006866
273643647097050
291260277327981
290831830072012
265490872450182
284176045012253
271743469647881
284865693696163
275783861475385
268038724477207
268050915326881
259304995638835
272245995116942
270619859125435
276041242605027
284771653532035
269090736455261
281615797833863
287539990375037
271392466428720
261622766196618
266514209991509
282105134802295
273173061501713
271339708884319
268309331676602
280346280421745
283963203483437
264819345180576
269155133095048
279774854775595
269666950581106
287427980512553
262485109083230
284991677599015
268016706450729
271270408633942
292490343239033
282716150657276
283685160773623
275752028194067
269821532944774
262173579624893
266617945110550
286296818849794
276428297215313
272143437059218
284225898226426
276070698845183
265147669958383
275499652878631
265937463510454
278915548968353
277377391758688
256065190295503
263290088546057
282047718877991
269717537388317
270446650117540
280234620777804
280090390060312
271018746855653
278135055338909
273624419419456
270807621257113
267746494103045
269666570103928
269402541426269
260956957474329
266248084635644
271395865901917
276422842476562
261371744965991
274803807133510
275362698904145
291036853853071
278280240678596
270648046579487
266504657876171
278847494795571
274680942308403
274812624119516
285931098118577
282702720783016
275696080003893
280342665163247
289563968138736
277163973133850
283381849119658
295595162714340
268701495561829
281115126532465
292426732665231
271103309171051
275236896945100
273320816535664
283199809214737
279816745347668
282573646979270
283812320067865
267366867333310
276914322936125
264177816900545
267811447007075
268637775776264
278596482520656
269787306667311
273419472632530
270670276481431
274420437579544
291594127200566
269561881760180
289158777442770
262691935038452
267918590337130
287121251866973
270987997534474
268025648698412
267594236607535
288026767680372
279047161260255
267211044703136
257667265667584
270461212553032
277269750005693
259193550393802
259077972444044
273712885584859
277493398588812
264850383945596
280960120221953
275479924539793
268503742482232
280925810597201
285149478407113
269292433904754
279337600021444
279036329336980
296908681786850
280520408236512
268065962228315
271801415722790
279367429162583
278365408317281
284971438468810
281751834042574
286395399289956
254047016377996
269194602510503
269553552945382
284949927392299
275473661511546
261366410635625
294871955457331
273352857238189
264780315891627
273898976673775
268452586800440
266984905568269
262896347415366
268840723953785
268174723170774
281526845852756
288113344485730
275508114205383
278895708948065
262935485169293
274071463253915
271822102533546
285445192128246
275200356432199
269909954922340
287456138588742
266382343429745
269893961503241
278524699833037
283353526484344
276949781881309
289317590482066
271403171062831
268525599608645
265314903839404
277437353411201
281161799524152
262131989129386
273627954594938
293259561888645
267321343017937
275418032659800
265038433336432
285245589423022
278160523998007
272119705166736
280012128397811
281819097289382
270741845917616
260259825636267
279096959760860
263387604357059
279860258939985
274330118116089
267298234661902
278121106506505
264777047901598
263362805140991
287938828039194
265366258499978
283890318340638
273031677704755
280817977915123
282677534897233
285923631264866
277354964084459
275667472011043
274817466104011
272274838654578
282737758215074
280443078009430
286502537463195
278773827404688
281579219919239
290450335210111
251702283504621
279250705301185
247935784756919
280923424923476
281495857715822
285231492561568
276778920839583
273758991646250
268296362266994
297738150468480
285182012022616
284165026282315
276709422891929
272960806393584
276302452179120
275022674766419
272071170156414
289365106006502
272534690668687
267242781041090
274033068788716
272902562074904
276444905656314
273554797878596
284344495672463
279997389114070
276131143231156
280952076787083
266316099996492
277082568633550
263169567351627
278234887897999
264280190044030
279742255460270
268332962494797
267555361758484
283718464405853
276437053898851
281096724224108
261195334868220
281652515915905
291670232158208
277225144484177
280123263309129
282114807999379
272507398187774
282552297958152
279894466359769
261027629425335
276682231260313
276126658932941
285543745682295
271857459423346
269275076600249
269266288327443
269157670847133
277377940539905
282460117955556
279886540586582
265461820598629
269374369901850
278648543083199
271233512704353
262178035882771
281711970703958
269618913781524
268197463444671
285445699603592
289583543849724
273110962892338
285859305638933
294561967521682
260872303106531
274212856469734
262370721054742
284128889783296
285382680066950
273895800222527
282565357381695
274445660889391
266038456064513
272587232179978
289682619460444
268652097368997
269646404674747
278509060333198
278727174883017
275520150257412
273205323279145
273851674923701
275412243782856
271526408329988
276037756688873
280948229185740
277619772847066
263914648217163
268267627018563
265458824495507
263359099437355
280798727259267
293099903723747
279384591205184
266746474749192
265481526929823
283869524068563
272754089447470
282275840705309
262252937246786
279855224391836
285751547739527
264596834896967
276444283061877
280383831608395
271794377379515
284551090270032
277278135893684
283669116907077
271485596374546
270328511108553
271866119297947
279039498246937
264090682791600
254134437505681
291895491438869
290483296899887
277150656646798
282353016216998
263759041025605
275272430862583
281860164311221
277730845413596
273217674967779
279981200038829
270079341371691
272374994024779
276302886767187
271282400554220
277125628950984
284133734864189
277932609006191
265278188153143
265855352685463
283673645830414
286453638875378
278597793570427
280974542942172
272047996096754
269738882386305
279106267490110
277376767667517
274741996042647
256238834379567
272153438537957
273394368361539
282916105266049
266952794629625
276343985539539
282350462315582
268205213529611
271061511544999
278472205737151
275179304937941
287843552465443
274829517373467
269677387365533
269629173519605
265916267679236
291263631796244
254255681349755
270535290417537
261201440504282
270923255868269
282644599511940
288476886690228
279657207037327
278736365634332
263669331218028
269997542175820
266019797892419
265043880542810
268090032903188
275586156595356
277257421497254
268638531620442
293188046130701
272974959165510
278584595240415
277865705770031
289490793792654
276235484108160
271185320225197
293264710768281
276951930470384
279851199883201
281890947479990
254569142130824
273911390427326
281468224200331
281870414043378
263835233279389
271217516580770
247810287880270
268504331584319
273553671438543
271642177017961
253870589604426
293514102223005
278605415677487
277589379867461
271312801520823
284600944277469
268230723934164
278914246919679
284399461844837
273708104901629
270592161488345
267320900172231
268511823892750
278501985002571
280492964931980
277704680021395
273348471573270
287802440446351
273403387395048
274389222313997
276957983060978
272131842863041
270493727540526
270694770065205
273118174821818
286262192627400
272087186869008
274306983926240
288365139161255
269548278849415
271579332336199
270293626972447
275032311629776
283468886219558
284414759416122
209561775378664
1141170242720363833
1120189287589784918
1427063687267612378
55561709995895598
1160179453759129346
1774318399240889594
2279740670696728302
1964685638984324266
771522658737367977
442149257612964583
2082088700456043896
294173317749702522
882750469417438313
1774559192146422805
514654906603889899
259615797684155614
1213124511384583543
688546575700889913
1278831993232731022
1122015710353710945
1799269214305459403
1256643605195407228
1651005409697981931
1448409346802326148
1355481142614301325
1668267489843549588
1791264444156145238
1743424843709755506
246015200520180783
1490731777513284424
1324430423773688486
1977440522485717284
849975969353477125
354506146379069132
355778954169756954
950682979918276315
1391714063891711685
375430821893378902
2141143587092267913
2246914910955241181
1147883757378161522
394589411027676923
511114255435840342
2115190152569376476
1336830323734943196
584436381255782537
916676268313171589
1913424637973749592
918517392152921669
1531230891394358649
404645459066810795
1068085965782350797
2159277472971495265
1831887993144461664
2193556466960523291
1186107681113305535
779328062186065548
1063450696924042416
175291697234969191
1366688354692360893
1556634426151105969
59212152291512062
435291319557230891
644238378500250520
1385154612693578412
2001263759284145722
1535510346481451666
741022173265930628
964874961524816955
483736359852182287
1397468137633678827
2162729799213523674
1418965301493705118
1218846362554840076
1171283924042408512
928702421284616730
1439789457537442890
683945411587404861
1327633941388539909
1457290144144048229
1308921920266538947
1140415288584831205
698779396435143831
323069943593310110
1644057887287166621
1766255439525307822
2045873076022464734
414858750475267589
1902766526522423431
1437478477385236266
2250327217000539261
165596088080679639
2015894722154741801
538519526806391168
1901196136456702812
955462116010964574
116561772916682232
2253874791418113480
1888804185987192275
594083500411490158
1419249352229040476
1881814155928571177
1921920501792995980
1539313053973346206
1479220864402032314
2098777433460638515
1250718457587368356
397205945837296581
1106317343169611539
1532535035517735747
211285286888562692
2044357042187252877
1438311148201919162
841451302669455137
865722350903328447
1135830925357556654
526492072823004199
791198832330472468
2219856129472926658
391895252088109472
500905187499982785
2219664640664833361
1026307409471742773
1405175745218061096
386353796597389362
404605570148652827
2133987925475654749
669949440703896872
517931369408795722
1872085589526332190
743722724074409150
801514176239880929
2111845537706835471
1260612256530082934
118732275787365718
1545810203830450830
946892750294316056
2181814397431000357
1775040000671466904
1305610336708654513
952412214494184244
1840936999345603151
915556879337893775
489069833293764633
62800123967154349
1927587378237264183
728908311993779052
2158759508019609407
1201782737337461428
1890653200022451686
635001922266939441
814151805979267951
859879683895408361
1328071069489616480
1917704787816912348
709541184725851053
262239322639770922
798756320714779529
2190741874544946789
1510897737305374353
956554692299161667
2158940009209418744
9620010186386666
1940660654646229467
2078989046498216804
1998589172473324036
586948090579704037
2295403506073169012
1173168685381604014
1198218099402894522
1197626993412100119
1277708808844600177
2289008006441110693
81902903985729270
2190877096952261241
1827390344550544846
1728716814392363600
1063709952309056463
213280980558317092
112134948921822328
1381966788952204903
1108047863509544727
2255465951591850917
186727975565482298
1901364096761199315
1656670936350632423
1563954732587913478
487003953485287112
199956438103613193
795762850441686510
1858446906911942339
918432930939000650
1871176327526339913
904538077509833784
688647890280547913
1903721842125569636
1663134589515169566
186355045328952502
867351303900869004
842607748860551523
1470345519694916691
943551840033322409
1059635407333265581
2295243286602012730
545717529292269830
1929538696690900718
690447100643347003
1489004158602559373
315860293818892757
1983583371195192166
1933522952787700537
343007786933647158
2001513497146132134
600815259850390489
740883442893338000
1021928236206445124
376136515528957012
824961390054654130
1400126677280494314
1202374386865365358
1261058665984738003
1681069715350999336
2226866773021238188
465939349662953406
700908026809019084
557069684237050049
793212341924618645
2083156874647425518
1042960832727341703
181679562215659915
2103936429325618680
1040706870376062426
1538855222574686303
893577067909041890
2206631480294440649
397723754018352119
1661456514294709378
630339391140548055
979946026648662032
1909503310654242828
520524000953815371
168603050780920447
1705684258391136311
2124234140951712195
21044253994741606
1331081203939308855
306309129259559220
983115479915613316
2061903341548970683
462394748689749105
1975093014671430274
2303498733648734436
408229115712923745
791626616232372006
215149327146604661
996102288973946865
1701980273289861928
1155585497646645449
714348370834559307
194107712766832890
1372605947216956568
2140030612960543559
2283182040620130737
522256836950163263
1587997794223504681
220899158343852133
1440016628982726335
2074735483389992884
103690332790138700
1164123015845919076
1984582839639960149
692098690989889734
949536476765311632
1932358326059127850
533627241927177701
1345091854508188168
1092094485937893224
1872635285062302975
641692079587684218
2239906815370865034
966415133437126336
1651908341411696029
864714373701214460
746758047430342771
316324567462669727
2206557275009260860
1951210395010411731
1815708840078311699
1134621343170163031
857483857355903864
2057308030117288015
1821995233075982980
1796624822971673201
1372522206885780527
1704062620266753744
1945518013602464461
639515344953635567
1823059494796166945
1661606711057701308
2173857529523639206
681564566011698009
2186382431225041604
2248505946057148749
2220215616225164001
1936293362424713295
792973525744222213
358450347736300331
2102828048039222558
2205493199746905146
1922376485656079082
1837292249908265103
358014517519143689
1538395061556560096
2177316997894431733
924650307262022709
1006634962224977984
803267270079809873
1194267454060249594
48682806743280937
608566358256236309
151436385339836540
1455642725557263115
2257816805764662858
293258804561846181
2187436235078710538
808760204772740353
1245545373418551642
1133305808817526337
2007823026824797860
1915977095931111385
1004717878716740621
2005572009836600545
1450725076280292573
1074745228571197849
402818283655776853
1053099440707906135
749977700038833134
129888629411117755
373990317928999525
1345231343155354205
823971908560380953
2181578429806175296
425321326267219790
1772164178329800284
1025647679922027681
382021695668117987
1066090694447989645
2003785737621654657
392964240009953066
2086924719892197789
1216421181386424793
584126228010370303
1688303652442811630
927809085964809562
1076185637313144793
1524768215855136892
1312043867174556448
1426765810314971557
1631856194372981131
2120235873173613440
245201897902382499
295162955810009026
2131769940042379111
1609914551802716350
2153937926053781765
763162290978315741
627612888611315991
1174895220239120080
876705094905912519
939724141828373879
1210301300001195749
465803472639032265
2252443601966355892
1611890020835409857
760993016835853037
1625803620797537869
2020665776380396657
1570279339108304958
1912061811078826272
2225836871348922835
427718991694466460
2020821401368258991
1991744934665872227
2079353144275581867
1907272009413925704
181936280092372666
2143720984052045200
677868830116937272
1987588506434894535
1996770417699913318
372459770703612096
450251128867344884
988091414920419501
1748740606174752821
781325520695124159
1605806968411499119
1776315383996697859
800527823488719792
1750996611851772176
1658947499789552347
548640277739902401
419783765478138338
34383229989666398
550759162166809358
1085730612672796449
1205734584295574116
620010961966126455
326088260504539928
410577659774475181
1732738759826625444
1917768329999718422
2151108573797317346
933087219162685635
779743700498259883
3600631739361221
1787459245221082106
1880091822675693081
2269331566079575782
462162527832845871
493368864448110016
1391139451538004327
1296070832810151454
552963001077342353
1586968382171623359
1736208734473207670
1511921546225698760
101586317722291257
566407317378473035
497257804809158700
412075616517956203
156804175764332478
692553487199983304
361514919605563187
146352094788867857
2204590014091066336
1847382730539559690
472809707793858119
1121038598197841470
294788331560597149
1581979254667141617
727268254230433433
202270811830816284
135666518646021270
1143573100693983012
1215534546634325983
863821881461968522
472849350139150162
1408378625506547519
1396515688564954786
1489690059699368702
1511603847899668779
1523561756757336638
396403405225024085
188893182848548983
1623235152656558006
1057191469450132330
919195750621220120
1190093549784684316
1365321722406686069
758719840086778815
2197958755201814905
871821349216280595
1331883953558870835
1565252072783841077
460398660663565847
1501386592179063573
881160031050659740
903057408133349624
1056882795494017732
418443552308377428
988399933551050079
2011861902015989135
1794283789832928265
1472463017901403312
582403222644678117
1178559959507204386
1889785661278399134
207601003087622713
287899087642202180
1592279593257365456
2166023648192539634
681901045453864704
2091775684456704768
260772098518133220
1680066706058937732
467452813340570290
1940590272486818055
397487034944089938
1615472061522847225
1236383005207878931
1871577235855173257
602897414467753959
1893757618906920182
1068870949163146461
2014888851975935220
181231802206752352
1356225337668486801
253919856917669774
134288907661909286
2247010798009615970
1050223077270208618
1416569072897984805
1709956039584072645
1010851200000223179
250165386278713838
1622344895572698978
4511346831956402
1654444626009988283
1691611471205500704
190659098459285384
1644831379727274310
976496043364962202
839125203414400663
661874755152160638
1201830895605007522
1467628792751741346
943241747928772330
163713497620030053
1770467988284389810
2105089989302616747
597753426853587261
836371488137817796
282976854709162923
1760582232566546942
602576861040449839
471250326630841425
508253550014283
684262405703103741
1234157349488692559
1671161389808583843
2264626700887961607
985216602886073041
1240554266206057925
222052264495113949
1415008089190916428
550865000029483175
1239606098546903134
2076812330060932765
263973863567731492
1940898770612261076
1105931291197396555
1186059007215689767
2000625973082838405
1465389923256192981
1468315188670631729
1090180833960584665
1249820946799421550
1745730442425785324
2164307655986576824
2140035705056651300
149298507376014448
1268188188408549022
1358758180441268834
1989925713285447198
1841401597921539953
1981332032745452877
485120859593187457
1300863568644660730
1345277133764061149
1700133671268220456
1470995194274707740
748696588477876822
705215006817206295
2237506716768979596
1593241675448977624
156971571751494730
2039840114284828088
365004840599542463
1145204022330599705
758871292461282534
711054253058184181
494617699254530802
902545755123438023
346018171656772660
2233501861095501851
1545766420581809582
749677670067251463
1665647542906739777
2015512979867481878
2032611827248968558
779953115948317063
422909319867707347
2000332028290788500
1598271788598508188
783035060426496861
757512432132946977
1050778751164681865
1876194551939952380
297341133233540926
1593522795668022956
385806745625720660
15008162666655778
1389681960960709120
125044963581794705
293152835441865671
271496548476515955
556436290574342147
131993364508996434
358208198708507082
349917605489740162
2106632861688241689
2272790924113385717
2159280791126262608
2020726022055066225
1695324730670561204
1425113323981439473
977485726791263010
931810339645384707
380485925350536274
1416032897347268024
402911924227600553
1038584762754711919
2007537060292638120
474258777216139854
913076083221186121
1535464747223206356
962365977357450705
1844713883400547777
1279106974484186555
1932274848093110362
610833301948452672
1759042649967675390
1499191403574614462
928112344765118165
1655715177668630605
738989453817171785
312662402987057309
830903773077533207
2116041541120951063
2089797376177494989
419839233912253327
1395675107487301886
554598215890966941
1195455868696879961
718291099795615225
1319570373807949658
2129368204234328042
502191901438258257
1082388138872578394
2009093432092961168
262471268033106721
2267411477105602029
1819445708209144441
285196367734489921
1869203080770233953
1392828772831216778
793719895911102496
24119565473926619
330603664210976019
1497382522399942653
2215623819981054958
1110980973811605637
1875721302940894793
1161553599523391848
665366264709881204
1229826432645251975
1871378745414992740
2271289349351263961
2031068997115073933
21963273746279695
1269577569270826987
1822992554795604772
830361661856731055
2054661060776566731
2073504111330415961
1320832322011004853
317863814303111296
1509317724057633513
1000240397031475503
1014848801214512466
2016632709521417632
2272474404473197908
1290721023742492281
318242449821945370
752428788982809860
1410370617820797692
2206216949125596629
2202985166059411201
51501230938333187
2022269844251438583
397064079271913781
889912956666374077
161146430300407891
1386493362156624734
166669717247722259
1321788835524571852
1645142910976309734
876452318189367838
2231679544124490354
1000154925860782087
409342124582427618
755889568531956309
11709607609974992
671667484894287383
2283604365088123511
261959536323612403
654542919972655035
760437449388513288
1225110572312534428
1365997600376988397
1746940279445691413
17636679299681935
1087962240302555784
1022715882537535562
473207759520706612
21591602037842118
1421348722575503258
2220393216700010367
2277699383929511561
1970006869337081594
271472564132570807
1798861536777988186
1413019807861573007
385482154034203469
112124586260511001
202105292472587115
1749790403915168407
1541981340621966899
2119583263455122496
2245195143052624001
811900825011950866
228336920443992008
1962002001269641823
1660314312102132391
1457028902587876065
1218642855326094217
571169891098147309
1133294630931848260
203417919085492025
876436026152700093
91810023667344114
1842898152919364502
152279776530179939
1469190379634730563
207743065423812667
2288407561180081270
93120795276658096
130775642889205095
2174922560457571740
1385994384463074131
1850501876223000698
2262971658162965237
1820120216049532246
369119723020013614
393199810967609107
2223183076499319521
1464693249285192865
2152368126605960732
416653242468971347
1165951640026193392
735045522918461672
766581413264706637
1552851458642835855
339875326398068449
149993090326118174
199026980301975429
695568697132522825
1244096902952801638
498806194234467278
236998928734807964
328686502270848826
1994324472697122758
1010798256708411819
1425704667901389065
1974885350346655518
630658847542900295
423592685052105245
52948791933618270
995458169104941714
1874974746104006479
712070378799326808
1119003484730850682
1989239270018004442
1372594883917995251
335992881104218291
1577403061029903761
2285771510852766395
1461208083049192772
426927972744425632
256109103068488417
1009678314975501230
204601822779127090
725468442763681427
2157765598247270368
575663869312804328
679132179056236103
721535868181237092
400144253853406208
375513105883424085
1010229632923485699
2005243447973842537
786344286500891863
1899064954957391679
1045600768901597972
587716946962816607
625426025244865951
2173237683339408697
1852720158335891942
1804284425536455202
1931031719722006095
1476092430903727793
909183944225023496
1763977175211078226
449646248475729000
1204886384817600086
780804140512184235
486311475623854330
2053787799126979055
304073218765064694
200190559599952640
1919029909344456901
1905770163564483694
2183062436929739937
543320294898726074
1274728367876272948
786191369413231723
1111140724001295328
2041936675551476485
2149424920338239012
476180356668797590
1288952498525886513
1473820677729892803
