100
669242
39708
296766
560471
825330
847861
304187
864481
398844
678938
464854
273451
317058
237919
942727
290885
392579
979905
630224
840703
947296
541281
610587
990715
862907
827774
147279
501311
747671
433806
657734
481410
439927
748375
542310
159570
209062
722625
102957
276700
374036
431003
860589
110262
783969
333402
690539
400280
9158
957204
403183
702503
293807
186302
489657
602540
533945
896290
87579
995178
698886
639252
755128
526465
55188
971257
13329
605215
432658
890574
666289
299314
982594
761151
276574
723580
405050
748040
463334
640423
355997
287946
779857
190775
217922
698206
28637
524600
893468
561356
560102
701057
124069
574876
83219
528703
8490
202079
207725
100654
995178
299314
957204
432658
102957
524600
439927
481410
333402
431003
304187
237919
747671
698886
273451
217922
847861
290885
433806
39708
276700
463334
110262
526465
159570
100654
9158
701057
979905
990715
630224
982594
825330
542310
55188
405050
296766
862907
528703
8490
748040
783969
605215
610587
464854
639252
317058
678938
860589
293807
755128
779857
690539
702503
574876
489657
560102
827774
374036
541281
83219
698206
190775
748375
840703
640423
896290
287946
722625
561356
761151
355997
669241
560471
124069
602540
276574
186302
666289
890574
209062
947296
533945
400280
147279
657734
942727
501311
392579
28637
13329
207725
403183
398844
971257
893468
723580
202079
87579
864481
