199500492
1303690716
1163343093
434847027
681974936
96886015
729067731
548169093
310806071
687639770
834809529
500875901
1935804811
1763005507
767706725
1887496609
187796205
1028028204
335167912
1468846295
144701380
225043630
1124629441
674530772
104558885
107510776
1035702955
180159544
1282879725
1780029606
545158003
2109794561
300845575
198520411
786399229
1422616090
1744870948
978485750
510187547
276264552
237670909
1385050293
1087077049
574270153
776011725
618347582
1278176364
193891474
547965319
1382863504
1009911529
332372630
1050212532
914041961
1485402557
1981959535
1725007757
1133489390
1426026564
100521175
483618698
798212242
1757938421
99348662
1107308329
551083035
1724311386
575557076
947115021
1595936064
844978726
1510046271
2133666970
626294083
1907671058
1514623129
1626260984
329234803
289161181
848478464
481618825
950210778
1441948497
933751878
171946829
1603407495
1705663156
1616509500
264365351
1359734009
1865081484
891201239
651449499
50369641
1810600520
510120610
1122795487
1744196772
636379509
1443323930
437890411
1477907847
998955833
968283321
479984703
189384186
1515016617
1231512603
529322570
525890060
1399725892
2119520408
256128231
112451625
1373995991
1797157031
310318375
1310875629
2119658314
194892014
967817361
1165373353
1296592214
452217291
2086505204
568761174
1000243082
902030409
2137164080
1928567837
1434775747
1438676442
820877763
962238115
1947528267
746236372
701224369
992879380
690972925
784662397
764801123
1041333388
1096895509
1666246086
302543831
584276240
1703193564
663189010
566451503
903369241
1061132111
887664326
592962768
256166761
1429153571
1792637689
1973524408
1461286033
186804506
1237278729
1135141340
48348820
1898960960
2137304585
1337561528
2121162638
582163029
772522189
1387860670
1749926144
1759301873
569864683
1632911995
592328028
688651914
2016888344
1801756368
832308977
1600546977
1313500609
1243683608
443984216
474156815
2041345478
544404033
1485691100
1919632382
1373256084
815548094
2040399771
829471221
1018543120
1443915490
988168822
295798705
703555370
1328137107
754958633
1355322793
