1981091986
1981091985
1981091985
1981091985
1981091985
1981091985
1981091985
1981091985
1981091985
1981091985
1981091985
1981091985
1981091985
1981091985
1981091985
1981091985
1981091985
1981091985
1981091985
1981091985
1981091985
1981091985
1981091985
1981091985
1981091985
1981091985
1981091985
1981091985
1981091985
1981091985
1981091985
1981091985
1981091985
1981091985
1981091985
1981091985
1981091985
1981091985
1981091985
1981091985
1981091985
1981091985
1981091985
1981091985
1981091985
1981091985
1981091985
1981091985
1981091985
1981091985
1981091985
1981091985
1981091985
1981091985
1981091985
1981091985
1981091985
1981091985
1981091985
1981091985
1981091985
1981091985
1981091985
1981091985
1981091985
1981091985
1981091985
1981091985
1981091985
1981091985
1981091985
1981091985
1981091985
1981091985
1981091985
1981091985
1981091985
1981091985
1981091985
1981091985
1981091985
1981091985
1981091985
1981091985
1981091985
1981091985
1981091985
1981091985
1981091985
1981091985
1981091985
1981091985
1981091985
1981091985
1981091985
1981091985
1981091985
1981091985
1981091985
1981091985
1981091985
1981091985
1981091985
1981091985
1981091985
1981091985
1981091985
1981091985
1981091985
1981091985
1981091985
1981091985
1981091985
1981091985
1981091985
1981091985
1981091985
1981091985
1981091985
1981091985
1981091985
1981091985
1981091985
1981091985
1981091985
1981091985
1981091985
1981091985
1981091985
1981091985
1981091985
1981091985
1981091985
1981091985
1981091985
1981091985
1981091985
1981091985
1981091985
1981091985
1981091985
1981091985
1981091985
1981091985
1981091985
1981091985
1981091985
1981091985
1981091985
1981091985
1981091985
1981091985
1981091985
1981091985
1981091985
1981091985
1981091985
1981091985
1981091985
1981091985
1981091985
1981091985
1981091985
1981091985
1981091985
1981091985
1981091985
1981091985
1981091985
1981091985
1981091985
1981091985
1981091985
1981091985
1981091985
1981091985
1981091985
1981091985
1981091985
1981091985
1981091985
1981091985
1981091985
1981091985
1981091985
1981091985
1981091985
1981091985
1981091985
1981091985
1981091985
1981091985
1981091985
1981091985
1981091985
1981091985
1981091985
1981091985
1981091985
1981091985
1981091985
1981091985
1981091985
1981091985
1981091985
1981091985
1981091985
1981091985
1981091985
1981091985
1981091985
1981091985
1981091985
1981091985
1981091985
1981091985
1981091985
1981091985
1981091985
1981091985
1981091985
1981091985
1981091985
1981091985
1981091985
1981091985
1981091985
1981091985
1981091985
1981091985
1981091985
1981091985
1981091985
1981091985
1981091985
1981091985
1981091985
1981091985
1981091985
1981091985
1981091985
1981091985
1981091985
1981091985
1981091985
1981091985
1981091985
1981091985
1981091985
1981091985
1981091985
1981091985
1981091985
1981091985
1981091985
1981091985
1981091985
1981091985
1981091985
1981091985
1981091985
1981091985
1981091985
1981091985
1981091985
1981091985
1981091985
1981091985
1981091985
1981091985
1981091985
1981091985
1981091985
1981091985
1981091985
1981091985
1981091985
1981091985
1981091985
1981091985
1981091985
1981091985
1981091985
1981091985
1981091985
1981091985
1981091985
1981091985
1981091985
1981091985
1981091985
1981091985
1981091985
1981091985
1981091985
1981091985
1981091985
1981091985
1981091985
1981091985
1981091985
1981091985
1981091985
1981091985
1981091985
1981091985
1981091985
1981091985
1981091985
1981091985
1981091985
1981091985
1981091985
1981091985
1981091985
1981091985
1981091985
1981091985
1981091985
1981091985
1981091985
1981091985
1981091985
1981091985
1981091985
1981091985
1981091985
1981091985
1981091985
1981091985
1981091985
1981091985
1981091985
1981091985
1981091985
1981091985
1981091985
1981091985
1981091985
1981091985
1981091985
1981091985
1981091985
1981091985
1981091985
1981091985
1981091985
1981091985
1981091985
1981091985
1981091985
1981091985
1981091985
1981091985
1981091985
1981091985
1981091985
1981091985
1981091985
1981091985
1981091985
1981091985
1981091985
1981091985
1981091985
1981091985
1981091985
1981091985
1981091985
1981091985
1981091985
1981091985
1981091985
1981091985
1981091985
1981091985
1981091985
1981091985
1981091985
1981091985
1981091985
1981091985
1981091985
1981091985
1981091985
1981091985
1981091985
1981091985
1981091985
1981091985
1981091985
1981091985
1981091985
1981091985
1981091985
1981091985
1981091985
1981091985
1981091985
1981091985
1981091985
1981091985
1981091985
1981091985
1981091985
1981091985
1981091985
1981091985
1981091985
1981091985
1981091985
1981091985
1981091985
1981091985
1981091985
1981091985
1981091985
1981091985
1981091985
1981091985
1981091985
1981091985
1981091985
1981091985
1981091985
1981091985
1981091985
1981091985
1981091985
1981091985
1981091985
1981091985
1981091985
1981091985
1981091985
1981091985
1981091985
1981091985
1981091985
1981091985
1981091985
1981091985
1981091985
1981091985
1981091985
1981091985
1981091985
1981091985
1981091985
1981091985
1981091985
1981091985
1981091985
1981091985
1981091985
1981091985
1981091985
1981091985
1981091985
1981091985
1981091985
1981091985
1981091985
1981091985
1981091985
1981091985
1981091985
1981091985
1981091985
1981091985
1981091985
1981091985
1981091985
1981091985
1981091985
1981091985
1981091985
1981091985
1981091985
1981091985
1981091985
1981091985
1981091985
1981091985
1981091985
1981091985
1981091985
1981091985
1981091985
1981091985
1981091985
1981091985
1981091985
1981091985
1981091985
1981091985
1981091985
1981091985
1981091985
1981091985
1981091985
1981091985
1981091985
1981091985
1981091985
1981091985
1981091985
1981091985
1981091985
1981091985
1981091985
1981091985
1981091985
1981091985
1981091985
1981091985
1981091985
1981091985
1981091985
1981091985
1981091985
1981091985
1981091985
1981091985
1981091985
1981091985
1981091985
1981091985
1981091985
1981091985
1981091985
1981091985
1981091985
1981091985
1981091985
1981091985
1981091985
1981091985
1981091985
1981091985
1981091985
1981091985
1981091985
1981091985
1981091985
1981091985
1981091985
1981091985
1981091985
1981091985
1981091985
1981091985
1981091985
1981091985
1981091985
1981091985
1981091985
1981091985
1981091985
1981091985
1981091985
1981091985
1981091985
1981091985
1981091985
1981091985
1981091985
1981091985
1981091985
1981091985
1981091985
1981091985
1981091985
1981091985
1981091985
1981091985
1981091985
1981091985
1981091985
1981091985
1981091985
1981091985
1981091985
1981091985
1981091985
1981091985
1981091985
1981091985
1981091985
1981091985
1981091985
1981091985
1981091985
1981091985
1981091985
1981091985
1981091985
1981091985
1981091985
1981091985
1981091985
1981091985
1981091985
1981091985
1981091985
1981091985
1981091985
1981091985
1981091985
1981091985
1981091985
1981091985
1981091985
1981091985
1981091985
1981091985
1981091985
1981091985
1981091985
1981091985
1981091985
1981091985
1981091985
1981091985
1981091985
1981091985
1981091985
1981091985
1981091985
1981091985
1981091985
1981091985
1981091985
1981091985
1981091985
1981091985
1981091985
1981091985
1981091985
1981091985
1981091985
1981091985
1981091985
1981091985
1981091985
1981091985
1981091985
1981091985
1981091985
1981091985
1981091985
1981091985
1981091985
1981091985
1981091985
1981091985
1981091985
1981091985
1981091985
1981091985
1981091985
1981091985
1981091985
1981091985
1981091985
1981091985
1981091985
1981091985
1981091985
1981091985
1981091985
1981091985
1981091985
1981091985
1981091985
1981091985
1981091985
1981091985
1981091985
1981091985
1981091985
1981091985
1981091985
1981091985
1981091985
1981091985
1981091985
1981091985
1981091985
1981091985
1981091985
1981091985
1981091985
1981091985
1981091985
1981091985
1981091985
1981091985
1981091985
1981091985
1981091985
1981091985
1981091985
1981091985
1981091985
1981091985
1981091985
1981091985
1981091985
1981091985
1981091985
1981091985
1981091985
1981091985
1981091985
1981091985
1981091985
1981091985
1981091985
1981091985
1981091985
1981091985
1981091985
1981091985
1981091985
1981091985
1981091985
1981091985
1981091985
1981091985
1981091985
1981091985
1981091985
1981091985
1981091985
1981091985
1981091985
1981091985
1981091985
1981091985
1981091985
1981091985
1981091985
1981091985
1981091985
1981091985
1981091985
1981091985
1981091985
1981091985
1981091985
1981091985
1981091985
1981091985
1981091985
1981091985
1981091985
1981091985
1981091985
1981091985
1981091985
1981091985
1981091985
1981091985
1981091985
1981091985
1981091985
1981091985
1981091985
1981091985
1981091985
1981091985
1981091985
1981091985
1981091985
1981091985
1981091985
1981091985
1981091985
1981091985
1981091985
1981091985
1981091985
1981091985
1981091985
1981091985
1981091985
1981091985
1981091985
1981091985
1981091985
1981091985
1981091985
1981091985
1981091985
1981091985
1981091985
1981091985
1981091985
1981091985
1981091985
1981091985
1981091985
1981091985
1981091985
1981091985
1981091985
1981091985
1981091985
1981091985
1981091985
1981091985
1981091985
1981091985
1981091985
1981091985
1981091985
1981091985
1981091985
1981091985
1981091985
1981091985
1981091985
1981091985
1981091985
1981091985
1981091985
1981091985
1981091985
1981091985
1981091985
1981091985
1981091985
1981091985
1981091985
1981091985
1981091985
1981091985
1981091985
1981091985
1981091985
1981091985
1981091985
1981091985
1981091985
1981091985
1981091985
1981091985
1981091985
1981091985
1981091985
1981091985
1981091985
1981091985
1981091985
1981091985
1981091985
1981091985
1981091985
1981091985
1981091985
1981091985
1981091985
1981091985
1981091985
1981091985
1981091985
1981091985
1981091985
1981091985
1981091985
1981091985
1981091985
1981091985
1981091985
1981091985
1981091985
1981091985
1981091985
1981091985
1981091985
1981091985
1981091985
1981091985
1981091985
1981091985
1981091985
1981091985
1981091985
1981091985
1981091985
1981091985
1981091985
1981091985
1981091985
1981091985
1981091985
1981091985
1981091985
1981091985
1981091985
1981091985
1981091985
1981091985
1981091985
1981091985
1981091985
1981091985
1981091985
1981091985
1981091985
1981091985
1981091985
1981091985
1981091985
1981091985
1981091985
1981091985
1981091985
1981091985
1981091985
1981091985
1981091985
1981091985
1981091985
1981091985
1981091985
769009662
0
1217900239
193932754
1994228096
767641529
10285552
469075314
1316571885
312414720
770155418
1409046937
195816903
1345160885
1755673823
166778965
1492873381
1130308570
613481533
96033724
1486826324
268646077
629135928
95583737
159778903
1153630543
792606409
892813689
728263171
1646443794
814471366
1638401720
1604174753
73547508
1515120003
1287557876
877474297
1643732716
1424928477
144334282
1119690518
267713948
145806585
1925655240
1018763330
690204468
1490557722
1010106712
496855016
1212702741
1312534505
1141532303
103413647
591286367
1672013681
893639447
169819829
1971985728
1072234103
1267134697
1572535157
587354493
1123209691
1150838920
1529216918
2140088176
1910440814
1292432423
129251005
1127671920
1360848112
894392432
1581499610
987408379
821149007
740784084
917767644
687486681
443802110
932477522
2030261572
123477133
1073938445
196014610
6307756
1932154127
559087320
142571900
808373837
1750079458
1394941939
2115040962
1921262717
634437304
1077717779
514545385
31130025
1804346682
1421460456
1016501178
1871796405
1782182707
1189123582
970638651
379149373
290450978
1279907353
1601340757
1534318903
1288151782
1358909354
503997935
732205717
333105909
160891271
1141505023
379848259
1176975456
232335438
517788053
1279405878
896961537
1200007393
483939294
740097895
753373163
81618326
1951655167
341471482
1768093298
1968952299
1304608399
150974617
532925382
151491870
1772620920
2010014239
344197527
744082528
1310491976
1762444677
1034380533
538547127
135401621
628368970
1087837077
161453849
503084458
1761878834
1006915712
773935665
1919311866
1278499120
376119822
170360500
235604517
1142247636
1484566410
1458387192
1257172646
1709288594
1537601940
1050046082
255680823
706509657
1553127258
1732274235
2119794530
569183149
2100211222
192325748
1163461770
99924879
1329666501
2067712495
1300080746
396081411
2097870565
1819234653
1505032389
963983575
1733687248
1208924652
379692035
784818123
385547526
578344028
1267356956
1099455497
2000293946
43518148
1610084146
424657383
500292798
568952540
1219559719
1403658787
1073904008
1285320854
329136818
387684807
705431643
2139140972
2113244037
1519693251
1558026500
449046094
401840944
156104376
1493652587
1193026749
1318592746
756678101
1895430437
873916874
1620550145
1031903677
507419483
890188615
861995250
1604182467
945669660
1317791684
2028836415
587789072
1719523303
1079982441
508602444
1170207566
1569564670
731437056
1283395595
1241973260
790627200
465447926
31691379
1821423013
410916867
876538930
1966078255
1761728281
830584298
2603487
666473641
951740541
1440637745
708313893
1159529372
1482306154
986700435
558740205
1584904657
1593390307
963018786
1085801995
1220645464
1934603972
48209462
1756635076
1868921018
867846625
108272693
1724961297
622941941
1420150709
427222468
1320617361
129668656
1515620932
1446289038
653188202
1176915920
1908770503
1398104650
26999209
2095768763
277835335
1692908629
1543336913
1017890081
673356758
1679825372
251938684
476331105
250151577
1301492696
1999738486
973264595
1869728738
1013904535
331479277
1719358975
971315611
1720765041
1188369175
2036249971
1631221492
331214219
392646685
1904511812
2064153955
1594024754
711150424
1576278608
1602895222
2102392580
662589337
790396541
1372574726
766742516
574941661
1692475476
905736595
364335021
880809955
1278318028
994469347
1070182672
1669219968
1071196399
1386058590
955249132
1165852621
1850145503
984064785
887358604
2137981912
1813522333
1637925900
1946044215
1814708425
174229949
2110003970
937127469
818180974
308342591
207619404
2031717022
1734483169
1355728941
1524386440
1456598764
1094361911
944331171
1646151886
1956533284
1144757066
881689546
273602567
253986884
18792646
661479631
1304990630
924987090
1011732413
1239292967
666802927
298939762
1967375520
1124762042
356016642
712993775
2057383018
364333442
251097861
1013988761
717490338
935171288
1861441058
1597360632
1046548317
1415462318
216716023
1744381224
575754833
665493937
1360397618
1119273139
160224059
1835665084
2082191401
2081620366
1705830671
306478025
2083761084
782786899
1539333873
94020773
1257446820
1238259183
1918156236
1117276435
120484137
320938950
208241408
1987469400
715592232
866117763
1274898999
715303129
1322128702
1947613153
177629397
949881730
796006421
1973939313
623778774
1507535841
1442569223
244226574
1958677176
1362477458
1273408979
214125263
375101636
219077894
1938648852
1223624459
124026433
1070370053
675881445
1442837339
1956927339
753340369
596923672
483331623
1082005442
42736443
1610700625
1127860034
361562239
1117889784
1803890976
1764964090
1539742041
2119355025
696091715
51741075
210483904
269910461
1832439388
1804348693
649918253
409409372
425669234
658539440
259385319
1211404034
930206033
1079953033
157196447
1156386994
1262510169
1470877368
1792244481
772868657
664190501
1787803417
1528908961
1414108185
99481136
1029358286
1395240760
1294173479
1422799926
2135783970
105642994
673324224
257158677
1001885896
1696589688
742237159
793725834
1215138736
1827309045
565424947
955695308
920845787
1344857100
226190914
149202098
1295552861
1536605976
617426113
696823441
935657348
1551787108
653344830
668854621
1689540166
1767344080
1729440518
2105112740
2094281835
70677883
92456300
632408853
1571701804
872446508
1908344609
890165714
1834519521
1532950346
1724198397
1687911019
772430137
535664633
1440631846
121080683
750279541
540745560
1534949045
125207713
674658334
490573058
50180172
1615860861
1927331539
914271950
811422015
455035071
622724962
356901265
1527356376
334409349
1780477484
1083222279
379183241
761720092
499384334
574536522
1443409244
1020439774
1060464319
1529705871
203727597
2053233282
1811214477
1730470040
1913909683
1597459953
1971439167
1122317395
1884231726
1285445099
267430046
1860283971
2105181281
234689545
1337200275
33815284
85267658
1654334692
966402931
143166826
2058582511
140793143
755432283
1747756029
1294772753
1531564501
353773585
1320234429
1005886433
115775256
1600429848
376221824
1465450761
520468973
1779485046
275186667
1937321248
1649490448
297490386
2050914163
1226390024
1475875939
1712431179
1923217940
498018826
2083708060
2129319222
467696345
2096698091
1180360761
155618416
103173452
1400454759
462243484
442417169
722233847
1104410346
85603509
23976576
2094981491
1311860829
1271230204
970897997
1967837097
1440594269
1955118777
253891207
1043534750
949466139
599717917
1215600108
1049438245
351064225
1522744411
471853407
1714281051
600877708
2141464048
88994617
1096201113
829915846
1982692083
748115550
1432631059
355054249
1713350062
933466993
673089185
1778530553
1390039665
1856078796
732450168
1109951284
47747314
1099554700
580452220
1797219897
1581713328
1767692501
60761596
821721519
264277429
1158862580
1409239141
624786246
896678759
357606697
1908142910
1402964950
1734257282
2040231187
839748051
1178544391
1941353762
1451163600
459517351
243265006
950200405
1417797857
617003509
1094447995
1747037437
502679657
1113767534
721251030
1611110423
1930576852
847651946
2038760134
1423172993
498129745
238880814
1532495602
1653330394
222362407
1143173688
1552869923
1942514946
664349495
798622796
1304741151
274023033
1428988959
147321092
1070444618
1433687289
2047722896
1158905516
1694547374
2016329753
188507868
610523256
203570735
2051764472
1791061599
1049267689
1332894583
1075486270
1033659505
1617535914
910628304
1532871589
886598337
14133263
39819892
594598666
1778227917
1586997525
1574506939
636548586
626426123
1161898003
1627646438
2082913139
27618615
1931872932
792376586
273016199
328433349
1865598609
1339425713
1078627147
2034757071
1001987604
841515122
1359872982
1118886707
1831248221
823007321
1132019311
1621138243
383251870
88179297
725597088
302867728
898421669
1430447889
1318569503
1426541981
108677833
343966226
1898038805
659869874
1438146842
1239191122
1073809452
815788145
819242422
1762545013
625238038
1267193704
845805807
1980899996
964719169
1432705162
1340437683
883606055
761802491
342335521
459410045
31238144
143663246
1395472374
310359917
608862810
2036068531
769073995
1232052256
1102417567
2096560005
593718095
609818029
1280582826
868823345
853911266
1854774712
1409889962
1588237655
1297794874
541614285
1003911522
262212668
1228779931
1788513865
766217673
1912375820
831419355
1180259156
1979396730
1571193098
120519061
598781556
1492200964
1177829837
457257384
605072916
150107444
588747447
557288785
854313737
2088416171
234815790
2142153403
25907040
525662184
5171066
918470160
1604699245
284399289
1239051514
1858246687
1861659453
222335300
1805208334
1085340837
2068784229
1699360494
866165469
177515478
1308064017
1238379781
1180279551
235108602
930567282
484623858
97994197
971919333
1563497807
824432258
1486237144
1008589860
683925463
1168445375
1800587555
1474551996
1939192973
1538267831
1402454684
1568937259
2032124278
688443612
1809015286
1273403524
987249886
1043661019
1508656168
2070521592
1130540897
2062390913
1485777853
1258273381
1141283138
1596732195
982798880
2105157085
1125572155
11665263
1710486412
1966269561
37386837
667812979
253023879
1372584291
2027914727
491313607
282564667
282717509
497433166
810503452
1371043605
726595518
1557891082
613294942
1556478050
1664872183
1325156432
1104491894
1566677165
805875831
478690125
272452550
1214116343
988098230
1413268152
1725239814
322383894
1915184103
1028367138
1329697948
1976733831
1066921152
1438017968
593507457
1926520561
1297138941
1805794893
1925193827
1879819924
614198212
926240520
1903889721
1416790491
510204416
1703987429
1361270705
188752351
1501868058
1776653889
191923784
2086582243
1139125943
7271716
748078615
128593217
1028079147
2039702963
11824565
1888733480
158024853
310061266
2077938955
428974645
44248228
1664313048
1008992654
1157224693
69965825
806248375
117450367
2056033797
43929917
228122219
361305711
2078403343
251758167
