655913466362
564231816463
340755600017
1054646457011
336273274007
789998860581
193232219893
701788974195
685272452639
974317359028
179834550694
54165745675
338784892783
757120540691
620240829040
411485508635
80176191987
260966849509
617009674420
79617035355
660315501243
319236132466
1013462505607
746857234852
758038680533
373167377133
479611339334
414327748874
898939290796
284720056559
748564413904
966753309645
39396411842
588106222537
1020996608152
230089603083
314413235466
723082021872
898763047116
757704603521
9658509166
941513263949
400561323436
17794990414
148003690688
398587822817
754827222340
689757692166
83887414189
826424709852
633964866173
456824370814
517240604997
364352674708
383965155769
268279765474
264341853457
892085377330
67708466973
455315600169
186924311438
295565167408
116950882367
748793228771
825697230075
604078022043
212993234600
1030328004945
1018701954862
186751651187
820792725093
104619886005
384338143995
707568165957
763772392609
402532189548
882341105106
744342311496
862056354490
181421974723
677193844449
886052332318
101000000901
1088877041079
1091724822996
796489040546
781520544621
535086889666
857270387850
510436697619
540604243100
287906344152
871630651499
496441680358
672289224554
960410877792
747179991234
633429289661
896968290007
507305944189
309013342170
615813014020
697544764381
330431963203
1072140565175
836010276184
306673856621
264225534915
82246460905
1049986494636
538063543266
1081076770839
1070320408437
433336062709
86248267573
272088303380
678172049949
905399917786
741978897597
627344632111
233982615637
291066017424
858811834415
104271883221
603797197850
552381210125
259804989180
652369461680
506582239507
101976324003
453718342795
484342977551
401426104474
238863543691
548818348698
377992263758
895643915336
455874768996
936517614905
577884109144
453975029659
19767786059
599596192168
427091815275
648291081863
305649930912
66602330888
771643031610
652339349924
993446137152
306779301898
808363185090
579519218640
1087026780793
1080818521898
1007643802490
455608882798
67029729786
282883938662
623832463985
219866188060
543773955178
497279261030
1065288292597
56122931085
213299516385
375431687748
761766223329
451792604487
298464600900
371535525064
141506929217
108564096723
366251133168
86581028788
890718356932
14244519572
866328918156
158259780034
86592084318
423919450862
802039407094
649946152925
41051954845
1056607715167
447625566364
100610469571
119478070304
253116505454
569629000266
8598380301
165080562898
967407459062
8324633126
91633211332
914974592177
705628007281
171641391592
647533476188
843271705569
673414147115
616491727440
322342417248
1039713901033
325695771825
946276162399
565759998419
575171949986
611485567154
333113292281
181739405237
742576404828
657014231412
965239812100
7876062008
197561068366
84109471610
790139174867
984148456697
866149197692
997421664745
41951812723
207704173697
978732035892
1064052344831
645234726543
1051406572318
413187984958
25669921112
146583088180
292063831193
1080484073468
113725966668
777930298047
560139027020
263579140136
134874503697
1075353341956
805872370668
883327204829
374851655357
929752576706
313184527708
270781976073
391547683225
435630245537
942979383765
13266688384
720006288067
596417152233
889282341355
765432288765
347544388401
705554672149
682038891543
234137622873
101071236859
694850548629
212952297665
539962186690
1088038757162
578073388786
377572748126
941777623044
900846804873
918958046352
223569599585
612437426077
653576135102
1084089034370
210105927670
262969756722
108870040580
780888578283
5037769195
115462746994
522153616439
623269065653
594624316959
288768548928
615387443191
218767861888
280991844424
980272160192
676170924260
431143789552
425076281132
601857410725
667938193889
536693200141
440216883637
596634431590
696611470988
846126239997
388525252543
1078356261640
716047411022
24361955081
850789152193
649099554121
638912442414
903212261765
106130719848
596152357549
419685654151
75242444730
14543911333
566612047266
711505014628
944534043236
245820453349
481152745636
732708931182
957095175100
564869979160
576361238310
307756789130
518001397099
198354167787
844720560892
244325895079
805490001770
690916613775
277272989150
296011918588
197546238569
434871439221
314186281579
349053145570
447731865244
361811005063
707841445482
620697283608
305210221030
1090457302866
629868127424
388349737035
913778130163
948638782487
359493561284
665885343516
107151212450
404914040887
165108034822
88822769616
745791870427
802087646457
725385845487
284012500643
145733757599
433683745014
370765643787
44335449325
818540703986
977888562746
113381998690
230670278041
264715998476
512092204564
787737767044
702037594334
383546186372
542490546707
306966036165
401168721149
870256761011
907293657927
68272637249
491281547563
478589023740
664452087121
916926925570
849983848428
997507033807
934891831470
754230313669
57774694058
205398679402
238744843588
570279541144
211625550293
958332351
410216377029
743393397890
740262151786
869514841307
1051462738195
83571245645
653754042378
1033025575750
707099027412
842018882637
350984095668
244856851129
168887516908
561010270687
828409445485
899420974300
335093907442
462162925555
772527209905
851392528999
116685723239
958126282564
141352371680
425232914534
32165215070
99413888481
661383510999
998619242268
431666608917
404982582277
1005585134228
845034761964
721431335342
707521900846
1006903987946
167171915358
587075886383
922013665875
975709616968
915754810110
792377027378
925767697301
368747376051
178531313739
598071930769
474458569155
849621825927
370923469064
581400073252
617254853393
744861815948
51966193579
554925438589
853197807119
832266225000
406405872743
509505946615
118563567238
466559729294
248091606482
547446662396
157540144192
730219470445
295123357617
4565933211
1067729431463
786445350173
661687691846
377144321546
931123234245
330397181994
435959136903
198024620077
1001373721894
773805073835
645440208970
902987797465
64895096851
1029037660245
232846133528
554116274031
715467008444
624207215397
168709442790
354688476381
470827269763
952092713061
786657582405
123094067723
98005687932
897228667951
806055220075
666517282151
1002337872657
326109720976
305587869258
151264004894
160303035058
71532796937
110146760041
967406427892
787864055530
450057094544
721359149100
546492871030
1062355879994
923412328548
506587159940
881158247401
762029970648
703631096503
795748346171
1080296028476
112695758191
843250805463
256190644645
745122096447
709610472039
553944083381
1059954602776
150570812980
686832971079
944737829604
480174930464
305648763699
592417607682
556171682695
943135166297
938574695414
554122113068
596382176830
127512353894
687982329019
123272224031
544514249000
927337044126
863461305276
602494873071
287671578341
102572008840
786879733760
435752467775
595479086947
1063254404367
481797456048
712671299039
491628928545
993651522790
978067481946
880374008031
480941327739
774641597165
26489524821
411357179470
493701253344
957386287158
578711115769
735552221350
20446218254
809312570779
942649266481
385307017163
62731420399
468326270087
705678434305
70337575692
702265222893
1021822726493
773601433338
58208424441
236285694613
97648501326
965734004509
1001682642314
402186324204
61853529703
1091497053970
216732285234
1079628411804
637052668992
555916347816
304301880660
570821011510
1010433229292
2141474077
225760610646
502693748085
1002546900375
630171747455
1089216079661
494190217822
126592974829
800637489411
932528266725
660542401075
799271953087
162220423176
463718926118
400733440803
238090487325
481806848297
1027506377814
830811849809
917480912255
915818867980
706727263469
45005779051
1044232640081
541918463610
829718466140
361431343358
30712347774
1022545086926
546763587536
175615964371
103233914766
406284752208
48090298772
1051464706797
981683654769
719936257766
1002609097991
597062921577
795975903582
418644569500
256862372209
202206309374
98877177528
414679358908
731268305083
1019004451783
192428727589
530757979395
407953606609
713423156084
568607793167
302570075617
758828239870
1057384361484
405476366791
1067111698245
304158537727
801025421585
1071105461931
387545273571
272188413402
210929317355
999793145459
681015823804
920403011383
886290405185
567143025819
1083604499751
517948755992
963698048297
325830258999
994338332973
1024493621005
845821969730
983957381687
481019111020
427715136734
237017928592
203881381116
302833355654
200719210564
686262388124
776963414343
752745393146
227417682581
41196763610
161459353497
328583383884
545398699310
1092736172276
153801154773
1075196577406
602928913019
615364309734
746698140754
810997833435
679067975238
473296401926
93415636965
981612098313
68012943275
917497670387
761644847486
1071898120287
290821155605
214705745291
1053305593765
986445529199
1039463823256
309783116169
230216640122
290478981118
392676188183
114007107915
860226844085
835517792807
1060656965557
545698776442
559037125483
598706213464
525722892475
997223717550
402859948973
162003524314
66390651519
919084576810
847547179305
591073706205
2069439879
185580621697
530592033672
110562518907
78994768486
455750305140
877904869568
191934931672
481264470451
885481409083
774350109485
161502923357
664323130141
702034090029
276577790391
732618080331
57022965939
332926568929
644680638491
264789714707
405485847790
522086622787
300379855381
743571312416
355577233422
203932030800
1070793578079
760135571765
65151295344
580973883622
910051186417
954878653080
461741680332
585217009880
157659703314
1007024179958
127354808118
933045554538
275448010220
96184358338
620478405805
65209886252
820727018330
224277618074
692620744963
118229234374
130950938349
559270232302
1053681693140
465129275931
1057604384880
54990931019
78204246387
454024198234
654464128584
1042919608587
327564044392
618522532426
228983802030
759928386128
136131827592
251992045662
520857431462
218146552142
714287399479
328670934739
1028150838241
308745396573
414180807220
819021688556
279478600474
701456843461
753991467684
474476556750
264661305963
753584284507
745139313251
387555978698
221288487763
494769813205
887740568071
269509994181
1038481409164
279095871607
59669238581
595755111747
245945376248
108483099328
814907037578
183591289241
27128862379
458344525503
833864731232
426449857928
228518233965
1042622180444
339675449983
987383835177
844539699455
543129979611
801868286472
468708226798
664808203907
437614760810
668560764329
263293008508
927985174377
659865704819
406425620954
22132908550
304979109398
427701783600
38047052791
258466564666
496582142719
310949393036
387126937292
647996505086
110115170596
454760988150
823228966112
1031979955538
50910704475
79871699547
442540672159
596550854327
564038006235
59930585657
564521867694
428878312639
315494868690
320455197279
252757466512
468046597639
50200717546
838779056453
34618757771
534588876717
1025734019271
850696028177
102601822444
849442380597
0
440349009841
116280751698
679735545586
542189487759
296900129042
62844066769
787350825958
392802347261
390823814126
677577410050
426881984641
498535917572
391696011164
575629662625
1025801280978
994958621926
57596725465
91144968574
1022387712528
958175918382
522489707474
1088649118996
1003644139473
416075055922
815333960890
939628277287
762068609669
462289763498
631723570134
147815924727
296336857069
371876147133
825981667149
914537755764
135985457440
517286933736
734688118724
204691894447
447602110101
877554611417
294951254746
1059773515414
1063463900070
492672449943
219166661827
976224543108
846818137248
160976213873
529310279299
682216362483
917329941041
32596841833
623381753855
371257545341
854427039603
825811030028
143927409744
761849328433
1074450705598
78523179868
789159143979
859469093848
960366265178
512527013528
472158608162
506007948138
354332861201
889501818035
234534885278
456866654181
879944144772
505992469118
638445300983
226296272136
603195060697
837304374676
82726528325
324860791279
558013636982
260729983226
232401126697
445113216667
944175531424
467205166199
563119095722
837885765401
509080490172
861771252128
194622892752
469604120428
986537679584
284418402095
1043453524185
74009553622
979552438838
317384355889
723862711736
755298615550
232872926157
85122921023
648953086421
595480924531
79660294351
160709088105
364917300766
682865166858
250859589791
779537458421
767314791058
842310003356
631502900774
89272141499
1033686167560
914737997861
593678646965
1066899504710
737017954882
982874258960
627734933834
769500113439
2804496628
1048121226988
642963178458
864182217393
171635977709
52684943405
734362072715
911688804624
52944328839
173978732444
339778101797
1025346474898
443486674926
1012787107632
21054416362
349906457622
109462993986
979706903467
427588570583
569836792721
1011718535233
520429524720
164102582065
811213238058
845634021295
459128055956
91831574952
34120713300
592706777933
507202425806
265958037321
537897044170
179526192784
1022287649688
937947409919
589823709980
153937645835
272312502594
239290680069
155601535274
465723620623
886758588160
494161226397
501771124026
328382570067
1074555832803
973217595139
339429551566
371117201429
999192035317
142655238339
927824137866
411329074937
17306696946
581945101267
302221692082
808275356205
589978527836
391999153583
811422065443
496222153679
314719757652
452885667844
329828347191
690356157312
902524552104
111626988128
25027385623
171743276489
146619782748
702420192446
84610648919
1076242543011
214819049784
249935214468
384584648454
434976825638
503680437341
622185378674
1038332244403
822053156530
607586754555
680208293389
932213628032
973414122019
35848689214
1024808394575
886146950094
237286358932
773543959437
1078637964064
461780288655
793174667
1091028562277
817830984244
659515379648
489150922964
296344517506
492520263728
586053253687
1068198942759
673221193623
315567403345
93036185656
898746001907
220176906651
434906936330
706456460211
830208889692
538514347566
1001313727754
207866750960
233597804578
914630780708
58714110981
489561672756
43190800987
525380949733
404190887334
632217051275
552055881086
279333174894
294943303669
598426469057
1001409888443
794704746066
993336238127
102325017361
999247490122
496096175059
457991001543
308940117770
201662742506
876040621257
825451320251
19841945723
896274366353
774455368354
681436058803
771638537402
598253683733
677406653337
20124131316
839660901213
656177058470
713878510669
699336054936
739961257890
387400604917
488178432029
66045372140
798595023912
359957907302
1031997424402
1005459991816
967886771991
655213153228
789566842038
565438458083
60667977869
1047029469496
236497629766
545757339508
14164538123
480871959867
297739291836
982816374835
888005152441
846689981990
715814371935
986310200456
418750264308
1078329351917
425739763217
824663100949
702101967808
739553124134
567842999837
69681190666
750343560920
760362132760
1064250970287
1000999623321
975754038928
312731966334
70194694897
559604299152
574101423513
468642056431
88057170163
992044158166
279843384879
637036291672
930010702628
1033658230369
443907222055
824191499000
1020960906712
890417689921
660167704338
127397712063
7826993450
7136910151
880545285287
196427647253
448548479072
259712695227
194419153240
828300261322
864463981737
64809134830
872181627948
118951237638
278213930624
361169563187
789477170936
599288073202
1070325875883
371175762297
777016135384
164475662576
882568419560
665957084899
692403305153
591441716659
932058580767
1052215571028
474376046651
157841465809
112196343277
858340269015
23912940335
759947938398
159122652487
112000434917
17110204147
172329349399
92275681566
517459467417
679496115763
913109204550
411137236471
791026674840
198094477802
940780384937
1057013213375
827581753908
796792198621
47302665568
48694612648
321263240904
144740647848
917776740516
250289835680
880451232148
678052935465
565810402131
75976115863
613687131056
609136804925
843929736821
352811459715
999817137757
430286362223
262425004856
863061159221
362933653720
712581008574
179440581291
272358604002
539817097014
624915786734
1004539340922
1048039713022
624050450209
586535602636
633487554584
137749129921
1045646573676
782911727006
110691758217
687326710550
466551503254
1049052276678
925897366306
90779821499
633129996905
673687669081
1040559547701
130047328801
821163962128
858330098792
1069990958920
555052681395
477178986122
194689460082
95607452519
634618187120
649757118644
945552617896
957105851669
636343536553
647137837287
690083583398
835521748359
109753947972
740409658065
110558405757
233375089870
408506492436
735426699265
880179885860
427037175102
469365186302
950232915690
768736291761
244364970265
12878688769
982990539332
204906289634
713847896179
177092580152
991114699155
253774514565
926736880908
223654506899
268620480906
713797107911
759311330055
234682507854
100885970435
277785833750
132695532403
683696677571
930171145565
898504429505
262374513162
182344031635
157102042299
952186419358
685789341943
698822679665
886177082937
1029450612347
692861955329
861416968768
888984945798
29800199709
221432172060
780058403217
816684024846
134035031952
477053616316
983819559125
132888426526
861069711957
11463410561
726655881823
90855875349
116941958849
37497625726
480234746422
105008708461
600494436557
63596033728
664640085348
795959967658
829709742538
460582295317
928630083573
214702083500
1034186090882
769812792367
256283141202
396141086606
914614723244
624029335797
976988977806
255769331995
515038488722
831935379105
990075625890
35420635373
937796265912
1090013452141
307710201062
668895978313
917991244451
213091731514
750574072306
326926115637
43692425936
677975950990
280395084268
24042558630
863686414327
117221219155
720999103598
1012752768450
679241482329
677251013773
562710610292
122973028269
820475800892
411914557030
1032297806905
770181367183
592672542278
1057765242550
770458955716
1056470793895
22830582771
884528577093
369017417981
70237484033
8485597422
744307058406
250619908271
343531293199
66437147285
582320349041
381339209402
414689783346
411085452875
541590069413
851006535076
551433466334
140067941737
460261111109
751706285389
29574781736
735804955072
546796382234
676113490297
360978103988
53147178966
830030824042
698569040572
529424274957
272454693699
1029438233686
623736510120
597167521964
56884911421
297402760951
47885844602
624369533609
323229653797
1087871672146
464291745495
672419452476
302714031347
721136804810
15307936361
142898608788
830587527268
79818146118
770037789474
823819601659
950397287912
84671934333
1088575171539
605374794650
584659778029
17298144923
126505492231
166340303425
1081874655562
314448284642
819173505784
232024295541
188470819686
4956509437
1090540707815
824845922099
276291111720
575456642127
977284723438
84127239005
956963103862
20567772875
552213316590
433246191622
286494314904
231166248213
758304343175
233596187554
192955804573
765290381913
920870454929
531508076659
1080139475569
644710236372
712307074661
114803239618
373211088981
519320963945
358402029409
568224115275
1093733252237
1029488828895
681909675579
273666368700
375920583083
213233127701
542157049396
1077558995398
543934028245
799224005850
851042709453
578448290027
446596719405
894639196580
1075819677312
5883397591
522042990198
886903599006
860658917276
691957047175
1047729984040
922917656274
995003106215
452129115841
284661315752
808702227541
847086511782
91663408951
307861590895
979488842928
852403383908
206991103736
1038935605201
142338211844
302169118998
465996139822
897619454455
365054806025
574757962384
270210939315
513260936540
944499120493
655783083900
997596738290
140475519276
1052457179333
688517844328
640286089196
460663983053
309313798245
90920356177
560508703103
872045481727
247218724479
1043510866278
1025128292006
843535955441
972227123301
887784473705
987776007910
389759300432
444244340778
59017756239
47989986369
567201268307
328960647547
742433643714
683261780545
64724643493
498549090365
388909161781
289877576792
49802537536
621770092935
666209915181
416882889322
66574056898
134843716276
607575442577
491243881632
61998428889
540072912818
789807257619
19405793398
1013309807518
848337688400
535848434886
170725769533
503435007805
368838897393
672670138841
573890192771
689171155153
961491702494
192704475579
753002743710
357144826696
584288914135
77678991658
635877572379
969695956710
1008286314894
304978077253
1062542070160
489437651116
225640500968
363291420446
40776565408
838855819561
299527446671
379404973039
791150762790
827303242592
164549866450
413897083059
916488063883
548679194676
104737533421
629285745564
1025915029948
477569501728
5096139278
1041939688570
122261820192
694211667655
939188137585
216705788024
381946694844
52314510862
57377122901
349900278967
75838020242
897167357666
584387742252
89251391090
956973114828
550874520653
796377090532
184317021233
716547492815
815786005738
691375046987
273829748737
768822015601
576416545568
1090220067512
805882574391
186229262419
99354124256
735667879333
1021064791521
987586960900
737005521943
287519215704
737406510768
450394457583
882413354630
397660607612
919975336734
22712160627
412388597218
903248806023
290346530939
981240037219
973011087890
656502254214
390273110260
658426872751
288858347749
100959614036
173601406191
381372232861
220319118211
1063247973397
690344172104
488181274513
214257855587
526313148964
639976351891
507804234020
777217331007
380199032839
631599214361
114510535932
529514200647
345852917384
650697245490
300281479463
359817813293
467673251775
1052580838068
492576162656
450113479669
711945890223
852337659846
240623872221
78520011744
712156950121
241116191356
420481038436
211732014617
640681265544
538556756007
18441863296
996587359816
971848453529
769590658009
873439536357
368698956550
968193542234
639258462570
670169529676
680558247592
210790402564
535880149027
741761163335
694804199048
290940869362
