10000
386063
81251
869205
692343
407204
797719
648440
417085
993369
440057
947454
674543
293050
373736
34131
679721
140429
433737
29865
381572
254202
57047
902900
536236
986968
344034
567984
31092
418555
729843
487452
187951
905029
19536
342403
600767
877884
708996
669969
241690
503814
22726
781729
288622
677804
242849
600867
754802
578744
77642
660844
387107
595126
837508
561432
666910
26656
944497
202183
890527
10875
226437
813852
965934
888404
317576
612079
712777
403436
720566
982940
482918
455138
976242
735533
757999
278593
968945
748179
10043
441737
244788
787669
297736
333447
900748
482860
861244
407553
401530
271111
960643
380338
222019
295082
68108
130769
310762
317799
132402
439193
667557
427904
626839
264731
397375
99395
838038
668309
90960
879772
64221
368379
761821
574250
198134
10491
511135
941518
645387
582005
684206
144588
115451
562064
121404
864360
22098
702214
235869
940829
953142
696095
35548
294598
341834
500716
865994
716059
997425
726172
207320
750517
659801
22378
61964
280404
156804
312927
869021
155801
619215
718531
6364
231642
450915
802710
919005
963550
556632
480312
392731
404835
746608
730310
742852
88991
191102
296232
523310
370134
904682
745683
921858
422645
251721
607300
255977
974771
393816
134452
469797
773040
212249
217093
614414
973714
515059
63313
436236
155445
628913
888735
697048
345732
459125
15754
544639
861879
358956
664056
863848
578479
551914
399730
490327
256097
937135
963288
22623
981098
406958
804552
467167
781408
527204
437822
841222
50644
497297
180223
437524
140124
366519
290090
750298
671937
878915
943116
92657
65866
388230
474647
695923
559922
580668
369202
286379
153316
646714
563508
221958
840764
343661
593416
381977
542780
873538
40772
166294
471404
82523
980976
875078
851430
129211
744484
640619
675844
965631
224314
27633
293782
954123
397510
265350
447453
663484
681351
87843
644340
326215
509809
136947
50065
390974
642605
823813
585296
814655
497916
429654
878546
153996
454449
70658
225166
458108
281624
920838
568847
360725
830793
455263
724891
599773
508640
506066
74804
526081
408840
994618
928380
833284
330466
789793
7198
886251
993368
204369
21668
698153
94125
633147
10286
198453
561511
922295
660843
50982
784246
622991
293027
201791
972779
867361
404424
99621
121411
98724
331704
214748
543195
361624
485680
985643
215
88971
540383
337706
357666
669297
102888
661545
696912
814959
558908
642884
428259
438142
956723
343723
881033
591990
829745
777443
624340
810400
382122
511300
583409
54466
86039
544992
116044
205902
517767
930820
91689
826671
571616
9721
68411
628799
688521
663692
373088
265782
202890
520366
335210
976270
935127
402788
856993
867050
260314
914170
425300
869834
96592
109569
6140
201674
82192
96843
283433
355175
522416
566604
27194
51846
293726
912824
866240
445947
675709
119491
168251
917647
750391
119152
417687
791584
874501
576234
645655
537437
702378
537773
545198
95190
61359
800064
702579
3844
358362
720241
584992
361529
540625
284438
982891
176844
526473
755992
88985
136882
304880
732674
766796
704049
409286
591884
344371
332498
996914
155899
16833
928473
465586
319006
729216
884249
861224
568307
810027
318953
80085
220860
441199
484205
629302
562548
365381
122338
174746
355191
584436
236820
594088
124101
520433
386265
14417
899156
954249
28641
363065
77944
732281
832737
132306
14778
182623
111897
97341
246159
543883
235419
385830
485636
497190
130353
176241
147797
143563
10482
394508
393938
442875
351975
948771
653579
897517
496230
443681
102710
373175
318868
714696
214406
997244
433372
241572
458961
553290
604765
179317
146491
26120
177098
383481
128963
30161
808553
840548
133859
784933
521218
9687
40323
242732
36818
387509
422416
9619
636946
539979
525233
727531
815083
484194
865515
323027
373943
252071
458611
391503
648511
799144
583807
18821
973401
979994
107102
591735
979367
204094
898930
565482
972196
609280
93874
479892
328503
900176
239259
847252
429433
61376
354247
111277
12185
206936
890854
628577
738625
447580
27079
700614
122839
130607
251874
472672
545918
348189
126569
683728
829517
312924
155398
165128
342747
421733
439633
133758
613745
101655
143363
562817
208558
470335
83302
42523
81237
331943
435137
289030
666403
335327
674264
867764
974097
465111
641457
331002
826751
837845
137537
639542
298772
1061
854642
54848
366881
643328
750571
353570
615588
710600
658352
130185
777881
786193
484410
569542
630613
796408
802581
376487
584459
824109
327025
375701
976542
219828
568119
515722
203707
873674
867949
680793
562112
348931
64475
681257
589386
980871
289162
627213
619549
82568
423774
47081
783856
45403
674966
165186
408669
871852
440718
781633
969425
170770
924613
313627
760319
750216
10619
430795
876525
806443
867707
815006
897306
81052
335937
150415
211569
314160
202370
972315
103413
712120
604169
431508
276798
894676
371920
260801
471640
206469
506233
273841
95665
143202
2026
562457
86740
174071
946763
829844
44447
632799
512725
296982
695218
2297
698035
342690
394095
872127
980261
585987
303067
462604
828448
360824
135440
69020
798786
260840
251140
68631
567199
209631
470970
490256
359668
891595
116602
17734
487795
533550
258539
608881
132825
623034
143516
730383
176505
536255
871091
863812
38175
447325
692182
99860
198806
527155
49015
668030
611540
694207
313672
848387
906239
70032
87962
868656
557650
318364
218454
907339
233593
647391
636418
752498
167045
39480
632867
279510
493927
258702
655366
928595
272993
127821
261483
675614
914251
36086
914714
551605
126302
913108
968801
572852
794424
504275
105250
21585
638686
174947
828570
151340
615473
512128
797098
219832
73507
500602
787822
78603
466674
308570
828375
440468
573287
450270
89440
401801
360173
70435
290157
403335
169482
681654
297959
539254
359168
399465
717883
240183
552436
331114
784581
985802
739063
754707
942447
290932
539847
220001
389470
186032
871922
774549
373884
50048
64755
851586
880319
695118
70199
944886
360581
537286
512423
953763
143492
690022
72631
531732
621948
59815
470127
747966
424117
986603
630041
600519
109243
735325
629690
468148
693424
684640
615991
257775
228274
703898
900578
98332
716451
822456
882892
25131
52375
608782
551285
691991
108524
543098
728972
597492
325487
920216
898733
818315
457366
587118
112108
995567
525747
643360
317148
139617
535173
470338
302398
566716
540063
806940
630583
994224
373797
217892
215993
568698
416191
942184
210616
657575
233419
842879
650821
422403
363742
877751
942039
710864
10462
775109
953260
106024
128250
745907
524331
66687
282501
370539
868121
904355
570360
970693
527630
668686
838535
176175
732404
13654
910146
909677
246103
611184
577584
312933
208307
851047
383759
146117
3839
102663
729895
841172
739461
850064
417643
704616
47318
222771
502558
392117
318916
926567
955142
353693
102170
245882
86756
196939
689074
154025
742973
918593
607521
870580
175232
907858
242873
764734
423584
389436
502392
563601
278485
396482
961965
34695
190349
506446
105892
851035
753439
172832
266332
89400
130348
573091
848993
180351
870966
811178
599123
181755
476813
318215
50336
286862
23026
645678
302255
374589
594596
721846
491411
41883
46803
784993
326176
776961
377893
170262
337860
519357
959153
489285
357379
835833
780538
295299
891811
925168
981734
350842
587584
258168
142158
123008
836860
951394
365414
374934
419536
221675
521022
192791
396224
413598
431418
310700
683503
447403
357214
595930
989366
864887
987877
298187
838273
884051
447447
233255
806982
771889
338264
933408
979978
368435
197636
152430
213947
33056
431286
430538
518914
706718
70969
380903
824703
72362
152820
337987
868841
332537
64034
422754
75825
800301
115591
545133
948362
258453
467802
501890
327168
967813
412727
339286
999260
706240
161665
41078
224993
391640
461725
373908
544219
96672
542485
35549
794410
142803
970001
770530
392972
368390
893147
525451
733598
679271
365575
106663
715206
70492
435166
225549
8011
937953
692985
326729
435894
209159
675993
541211
290248
457648
848460
640751
610689
27103
839387
144855
655398
98011
103227
428259
406635
404931
576607
519419
634986
557269
480083
400279
492903
898292
542989
919197
326179
275997
261209
887022
574586
850842
943672
369318
188941
294156
472998
626153
680528
978656
400682
793753
791182
341325
267775
171444
737932
448965
397693
702135
553070
900988
424156
688162
372947
259446
978560
241977
904510
255846
735995
455281
916217
349883
856735
447887
834374
263508
309008
98204
827917
310311
729334
186307
944505
40210
425896
106401
790638
529016
298410
338996
998572
392138
297103
355930
591116
45656
92931
92043
578588
345364
552461
798080
259747
687048
288419
984001
238985
245967
18572
409777
490552
875653
323187
737431
877886
104877
725664
779798
862002
251710
643861
972167
804089
990911
890455
839931
475700
606555
208052
746228
97486
584362
284518
98843
163165
632998
968312
212664
620559
156809
623038
492182
308709
834461
385014
331090
445147
395477
115028
175152
832180
844125
559535
789611
735250
962077
466470
947850
452651
481652
881053
73764
82463
768178
653337
464358
361756
64189
478613
815397
730269
939006
324295
814220
523617
770295
79430
363861
29401
807962
466026
984641
324719
944334
640571
562242
342014
641206
825309
796523
194191
296285
140053
692538
381596
514357
651818
565334
164920
49652
555940
858363
84740
299713
435523
812663
8161
790517
319782
39542
742902
875145
271526
834224
95317
17243
440357
765029
953497
29482
564164
646968
103783
77606
574123
921071
88587
456205
795827
371078
422946
97404
121606
577794
389406
750321
856326
757136
98480
8986
428276
477225
725384
529895
217243
154476
620343
718492
22366
683709
991333
5494
762730
383119
560297
703544
838028
367642
201353
426954
183993
845791
243721
742839
577574
784570
537167
384636
505350
507762
33745
729004
103426
66711
511175
651160
286734
579420
114176
409577
924858
49672
133204
373095
183747
747396
136990
179989
284969
549030
490639
602060
749703
206604
14401
364835
854709
572826
470071
191146
427557
850994
607745
83444
225076
395007
523129
751073
402238
799556
422354
336142
175623
87201
153154
389200
586861
385501
508430
378321
544938
557160
400985
249679
32694
629067
209195
574613
27374
876757
942413
47629
628958
545298
808473
351473
565950
756971
696049
475682
255183
318763
292503
594564
870994
931640
740950
96162
47309
279176
679790
108615
84826
954923
788464
659403
80711
292965
937258
680824
65342
367835
466369
595812
116891
202727
633290
443897
33562
76922
348989
138479
150386
222426
987371
287081
131137
560823
161856
461583
956401
490959
242089
423340
289209
62032
77416
637563
139379
679607
944855
302093
428580
236282
960480
946170
789716
968316
831653
2127
314116
149584
942039
416733
533599
548889
466987
968615
742487
974924
377916
138934
853608
203849
763101
552485
153239
116262
511491
343004
373875
412021
617978
80082
970760
168415
47574
115822
22888
493886
439726
665145
379719
955995
234792
793078
867553
609904
741337
761874
436731
300615
849808
803821
898137
718789
386986
177356
166723
500749
93821
463186
769066
672404
955418
10906
561099
492996
97004
689182
539168
9709
248107
805898
300526
883645
262524
675289
6732
702464
116690
738744
934364
945581
529924
794539
508325
910058
979420
853166
559687
765872
26327
584101
128747
938209
211861
703721
740212
113945
399551
836838
360270
733331
937511
682506
177063
154590
965721
608016
227038
558236
961314
747624
210880
715940
859088
560404
66567
613461
829421
680696
972770
790649
700448
560488
631903
960222
872069
741527
837297
517617
436657
499801
522951
503753
459514
254833
892940
987700
809043
651376
67311
636999
856297
655110
226960
419183
550514
406508
942386
316190
254991
35360
81976
308316
742662
7902
126231
39360
176639
471989
565801
405411
628032
505586
266562
80547
791005
78149
151471
116908
887209
669217
628792
249821
815692
202813
359338
774432
723056
137137
667645
873221
591989
123735
414837
530263
790535
14467
950090
675151
548490
374651
960638
864374
915280
66448
263957
577557
467972
386015
460529
269795
817827
789677
616904
493254
808449
628138
52710
149309
656856
314574
453284
755459
548561
482573
781833
472717
607078
659304
839922
181317
484555
129887
137579
84795
606235
199500
752668
233839
91582
394950
845961
333486
208066
762798
309856
55420
840125
129751
696557
720125
489089
924448
98155
194670
324825
838011
843129
824071
731057
211005
789814
650143
949949
706511
28246
358157
470541
284772
381501
10823
36388
498267
99259
969885
633385
450602
232883
622416
824507
197736
596766
991432
410958
770869
775472
918386
627630
214963
475976
128678
565134
740945
410424
236569
45916
156119
87351
171798
726113
380846
95513
735326
449694
165006
191009
411894
771199
941055
36182
83552
136349
552679
862378
193046
588471
12938
592308
780576
871391
152471
238743
496841
569455
544217
565678
559135
940843
139812
736781
121942
64509
736779
596542
263032
788003
305315
130745
558842
317028
426282
977593
50612
909743
367052
584613
564077
186414
44521
33624
253891
361018
812998
963568
995630
498824
236773
991478
729613
958218
787362
646209
270346
37498
928988
581772
494444
772360
596004
848563
33603
681729
609058
155077
187554
280597
122342
160719
400157
138974
749964
749018
34822
64809
45016
930725
882249
921441
979382
755516
262199
323917
653329
783452
875868
157479
547821
74118
195643
474164
832102
297215
198661
105926
181210
885574
204662
561316
403848
863821
381312
645880
65507
973375
591232
846675
856814
861182
506713
579220
728466
342829
839530
691328
993268
274481
271918
407606
400202
970039
777288
345102
71197
601146
175052
452457
557537
535820
250465
846796
7599
914153
106371
716156
936472
666442
18514
969168
925855
17400
498014
478389
337874
289917
135563
152791
87546
408437
164358
34255
659254
431638
464248
427039
750872
617169
375574
235950
254638
941250
751231
644422
778126
904685
119856
21367
96306
553222
81943
664766
223718
348288
903806
86585
31863
813897
72145
375810
15154
30477
467052
62016
734399
608416
13916
940686
599928
804434
249282
428633
660099
11355
843266
173111
126713
120867
811555
341720
2833
291880
743003
87647
558735
706549
740509
257332
388915
848273
460753
446713
653514
93746
854213
726543
613491
91794
99407
993297
698473
647526
268783
267933
566851
51129
699291
412538
952809
466123
15374
555832
275065
962297
136028
17475
685293
798837
584051
377503
390291
247341
891356
398113
745087
935258
404000
786341
763743
872228
923345
477919
458781
409422
200169
774339
475311
247666
484201
346311
690539
590289
30405
326244
340642
483386
355295
623557
685921
553043
441494
316991
601819
523204
389064
285755
495270
729966
799483
890947
585579
678391
669411
25211
499241
102629
124021
611160
242548
5529
546973
752513
828946
255489
905668
334606
276481
899739
18581
261853
55696
902529
347404
54223
791445
225447
67378
659277
480960
333354
961559
102531
899762
511988
477378
699731
951977
261477
944504
688149
26126
862623
990110
417587
225932
989530
70028
483037
43362
659937
399914
232778
107988
795723
765431
490921
757186
322207
443121
958833
734920
326327
933513
46099
978306
532259
476840
214024
430332
346904
686606
508442
558335
459978
446524
303676
208357
781968
413224
546799
493889
619640
167318
609129
935583
939975
755536
957374
887785
486398
85022
10616
593180
891609
324286
932070
40743
904081
827397
107197
545648
650406
946016
73453
55808
303997
307908
682194
711365
379930
92443
676791
521488
782500
224150
892460
391165
143470
922230
283647
586999
250079
493774
674657
384298
695036
37484
467227
971209
451104
517721
548142
83332
95505
829370
165102
38285
515745
342963
121256
392261
835868
11229
482264
454027
918459
479832
604462
876489
639201
554735
267902
108467
268434
895432
238181
60358
228714
62781
699200
658322
793820
994102
846360
452695
694679
775709
857242
651273
868001
504974
535649
753718
516050
985488
552739
236500
692006
74104
809759
464725
239351
161305
771190
16104
598634
464952
16811
948616
92293
462774
455384
104346
904984
952542
689191
845696
870809
200321
479150
459143
975011
536409
502986
675939
781135
163542
486563
952579
415766
70180
425807
651242
871438
575117
856678
180204
8880
190114
130785
372850
194899
371039
540165
185715
430933
558424
978822
370218
639030
452096
194328
153599
643706
825907
627631
751004
722544
573743
230934
203341
66795
398974
979290
707832
492455
108850
968326
239961
492039
453729
76322
444633
62109
308862
700956
291042
503893
689753
261147
48393
881416
146197
548756
304375
851214
242364
4613
613822
662323
380078
504835
734827
158688
600344
507539
394572
26915
623779
886802
299190
406325
803173
831007
907237
622212
944579
853976
425877
876
38802
957555
972990
375967
403965
688988
657184
184083
83889
708608
330876
91792
124433
754867
539269
328659
895518
50606
329680
533459
711665
568054
99330
121021
791774
956537
927036
195815
417982
999425
957311
361847
488200
263582
688243
572121
273412
785100
577716
360779
208698
340780
771414
858746
153276
130029
75553
426251
997074
904421
363733
235245
683498
572483
976852
446073
737867
997167
830743
884485
949871
353274
569836
312451
219186
375074
375771
122694
117129
978999
741681
45794
309418
386143
583062
374722
408292
46641
642714
693183
271238
5675
716645
952197
998839
220595
155473
626943
596144
838876
189594
621293
51183
410811
172021
283451
942719
316194
767979
635740
247519
881031
639011
52161
448603
365614
370887
616648
665478
803099
772784
614142
12139
906119
869051
12485
560383
538267
637519
974774
168618
585854
881151
47759
739053
307111
482635
354493
70068
140629
497958
664872
77799
872153
769706
692498
292364
122468
930869
400479
380145
947005
525308
558478
201658
19690
726892
28579
183320
144440
8424
492919
657730
601033
57769
720311
395154
242266
635707
749094
446943
619471
195204
442686
360735
106491
147073
665043
249204
297241
755194
799661
141220
246464
111641
751940
67810
639167
678136
589371
533634
717734
969991
858916
808758
457069
673846
325200
607716
382232
499578
171452
782588
158549
185738
414509
565066
564478
298148
917239
583800
694693
66361
4196
833950
525576
479730
746239
812457
581648
474337
800653
586950
964337
582795
42070
553660
742830
48954
525613
167031
564069
235367
442586
100919
122051
635016
180090
858548
152440
835122
338347
99228
752469
929431
858482
276624
522910
340935
458136
806849
636329
597646
746522
319573
489134
961705
772039
299932
595529
314657
696045
374252
12727
17268
480038
420534
154492
693860
437781
806243
40757
631906
604578
548411
732412
4648
429955
984336
645461
744946
188759
97219
130303
103079
384193
566775
161008
4677
767126
227884
762860
745649
586173
963680
664412
369653
308652
560475
705817
810586
432796
174942
426379
328054
712132
143927
574805
857018
457820
159787
329936
132574
994896
671035
861702
903023
242592
72510
239671
170074
843667
561112
661815
752856
177535
248554
864459
51439
992929
989584
18013
150491
818467
318214
577494
50539
769308
487658
956390
977486
15290
378164
613108
479477
251171
523649
362212
963010
841859
89486
716941
361948
22102
431900
378559
330817
85965
194452
717394
120750
862219
723039
862948
124434
162469
485021
421572
561223
482997
77036
672778
220625
457046
520695
604729
306658
927307
936038
42535
950906
196165
100912
179478
539331
246684
917900
285920
404585
701035
786238
391328
478204
121245
277532
153988
903644
505227
60421
419068
322667
954798
423360
892858
847088
403337
573715
647060
522502
329991
872407
720491
475755
66735
44838
131851
265874
975273
443667
739374
210553
709912
543970
807493
936803
18420
597782
51712
61719
615059
222832
565238
758652
861004
84184
854985
181352
518737
174284
39267
78688
919142
280135
996920
824020
757753
273292
9030
161261
219321
104649
666346
444538
224863
794445
523863
278835
274753
88700
551019
190292
513626
197806
701569
174684
286562
720337
892902
171705
459562
310691
580810
957781
737416
690652
710964
294369
127535
116406
654395
412504
989168
874928
398998
722028
72112
276996
885114
929569
538174
526875
68107
407238
624177
53971
659466
847212
290375
952642
349543
583181
882213
598741
351206
646620
337687
687333
570477
168057
762039
146404
536471
682229
17469
823861
402185
419201
33057
870925
541670
408334
983137
562590
337639
965737
165156
626940
644206
133747
276623
114652
606049
542388
830802
298893
365106
346093
666796
360907
260973
985278
551442
519551
495574
169067
305136
392121
805142
56173
336722
969631
214935
412296
199731
750670
111200
152588
120189
591338
216668
912866
455012
858728
233634
204586
796945
235037
37692
737931
523068
139553
670775
889557
970050
671295
835678
436714
305922
438815
209044
988169
747431
383907
462727
20102
621617
111278
358250
656281
129977
846165
660669
912660
198532
409449
957734
933093
716135
237222
237447
803114
209192
884209
455093
492726
483090
245285
471823
485845
37607
627773
127409
436929
166175
662820
662707
75960
763016
531849
238726
846461
567503
675581
354653
93307
883906
541737
830817
925961
731963
716360
225456
66715
224871
400605
337910
365370
432406
179135
337773
171678
954979
889879
254372
35060
147206
839068
787530
965875
928497
614786
301903
921631
520167
286461
714390
643506
941771
941831
473337
267328
838244
450191
441847
862974
730078
818546
575177
299392
861646
184367
637685
156003
248880
119327
38372
979214
955340
691987
567534
156839
635510
138381
671178
76463
997650
137382
807664
309527
141611
159555
166435
131757
37030
250049
545683
193300
650241
483966
165498
597965
619803
245184
572628
699428
601261
595061
79181
27968
951838
203850
519396
410786
866486
143586
499665
318636
634837
797492
665059
911445
762540
149322
871470
252172
786271
463063
931794
153980
282434
535092
151476
75093
422514
775594
688373
503147
839188
636048
70222
851854
503009
308199
536735
901800
737582
149514
508809
968841
584805
757711
15970
331020
513775
100716
166782
910156
842644
164752
246293
258043
718307
962123
704597
943870
365193
991809
297646
988949
4174
343388
7337
338104
712559
582743
291365
262822
165415
55952
53891
534745
652673
834347
336489
992563
340576
633439
581238
759706
211451
949002
347459
894837
125963
743314
110707
485714
222558
994069
303050
788766
733475
34733
885587
441005
947948
331550
766244
568354
394781
298863
276215
305094
858440
777101
173112
200325
302622
444964
459760
148695
578762
828852
899899
228299
884985
700078
824991
725948
991353
592918
14780
753952
437075
475850
513597
245202
7419
985924
459063
25382
572014
122322
285342
400161
64481
75917
497525
867776
330391
741914
385619
937275
508194
133822
65433
953656
170395
809398
213785
481774
813353
665612
893023
675464
500982
642773
556641
398102
430142
569678
864619
308346
857879
966055
220432
608406
918504
96821
761119
51593
146403
716141
417838
904764
861293
757373
995559
537500
668783
516084
822938
621248
524807
206121
175327
545636
9219
306297
510434
85484
975025
145785
84176
775307
212626
5015
193601
203897
811739
887197
699538
371861
305819
440514
441821
858798
764225
605661
54829
180771
82743
475856
510604
354862
698813
844337
669129
988827
650777
798426
549842
580889
572983
250135
656604
396020
883699
253935
790253
77500
309788
50491
422370
684238
177896
301880
36438
810583
288309
65484
58621
909519
120958
559978
582552
349881
113917
830756
718813
329423
766526
348611
423598
730408
209464
37827
723722
784988
91238
296883
5966
872402
426741
247856
542681
834364
573498
18737
299724
196777
420853
500571
239196
659965
937865
507157
219633
733931
646501
190411
672186
427948
391890
453651
558258
746358
6024
912549
657438
891332
333662
96573
640298
928730
597595
965152
706014
68232
207503
753670
563950
50758
685545
995741
889226
483194
720339
262683
800780
990527
325656
555960
396907
285285
31800
28383
992764
398591
895153
246634
234164
84392
982701
986892
30473
109423
39956
171204
378757
572153
70747
111577
994957
684867
282863
236060
75105
163913
687347
582454
961127
194768
857655
534863
331098
31737
142416
951969
410514
568580
446852
407466
97800
98477
210708
479484
748706
605533
336029
374997
521104
843834
973906
110566
506673
950656
344414
517122
526227
386174
964955
849190
133694
288272
766639
271931
58607
236312
858478
411972
11412
272390
798658
622726
206012
135732
133273
813324
216072
948547
800886
968288
367754
144469
568796
58426
295538
477353
11797
825731
23829
498344
177132
972112
471540
38053
213614
779488
970740
977939
834175
144165
970172
817831
42905
506384
955603
351752
881758
992299
457257
652686
947409
988790
44082
306993
688513
799874
390328
47735
180157
41403
570124
496629
662138
93344
393532
909848
97526
678133
402784
28144
680428
227755
959495
692504
983269
657458
314879
72809
114218
766394
645925
337729
708829
491873
552128
49278
259565
64324
940330
99278
695263
453065
904517
469262
218617
422885
884700
96658
173653
140436
371978
304223
541638
182258
186069
849552
697459
367649
901954
820441
526618
697255
372031
664303
113954
635156
252488
802765
840334
147678
724884
842546
606217
59862
287663
430693
176974
269185
742606
94913
279590
515376
843402
212150
604713
966458
164126
995847
279505
189405
623316
49285
582460
699837
930576
977795
482149
611943
903143
362059
80773
789485
606725
510444
54863
961155
405131
597257
660849
373480
983079
193335
297144
817216
455967
746987
300047
996109
64217
406670
181888
560850
430720
667410
979466
183355
561172
951368
326218
255705
441313
160226
361732
220592
880311
131868
81463
692024
279879
731548
861623
623625
65041
703078
352626
995241
844137
800781
281390
874504
692273
872925
633527
387163
913962
882553
807283
835236
390091
979130
92080
589226
468579
960981
440827
371044
536255
734709
226092
553664
657257
534509
920713
67234
153768
595742
106038
364356
711433
658732
89815
640435
320211
342534
899390
309654
106121
692577
58611
616686
520099
292887
332071
497568
714286
612003
571392
789961
625815
710875
939741
677236
591473
950695
146971
924040
990848
352916
121054
949384
329109
759937
679929
216133
304326
85707
603469
528510
44000
332929
714799
31948
664190
920397
295858
770216
432721
197112
2116
443849
133605
708910
580306
659689
61877
737314
94604
205427
118467
902776
448462
419240
104325
723869
685017
8910
363199
81243
547453
604341
293578
645078
582364
447301
639358
578206
460782
92573
349238
717262
847989
75492
328267
481846
9392
467408
484563
885851
686434
337179
717936
477556
171295
188998
214380
106786
656125
162689
87644
193890
783419
322423
668398
590809
359205
876831
347875
469442
999032
924289
410093
713948
696636
907865
786069
764035
975791
15936
264649
188541
244953
326232
4614
589506
205575
22674
163869
952897
679244
435227
28444
743202
442109
866460
19151
589825
849197
218017
719666
360663
387243
136481
665072
730611
708096
569670
331953
994000
806739
339291
786945
912834
730657
497730
403593
832677
326413
991036
134047
7505
169526
823897
44288
365447
450481
546087
599016
807755
426925
298057
317420
364052
482870
436008
257852
375419
647982
551659
934400
869350
106398
240376
606779
733858
615896
632635
903167
383765
766690
41649
77196
249293
844002
136082
598891
610994
836073
870969
547471
565078
552948
843337
119007
88032
12184
950420
462855
371905
875107
447390
855174
166645
307042
841672
363883
978991
276534
550450
940741
271549
24280
797557
525790
524125
566026
684365
321836
660864
101267
350641
298388
533878
328871
543797
686630
320065
434004
114372
161985
865472
703062
526234
619100
250528
193393
634424
758675
803064
937256
428805
752971
12813
953673
508124
449124
554412
163158
601062
557041
847393
970816
268507
770779
354208
500302
792039
944243
733454
515536
815441
944804
897994
792274
137675
473499
735172
201045
497177
522489
332058
27577
222510
170272
463107
820590
526287
309660
783078
213425
563809
349902
49241
233392
39513
472935
976237
152754
573287
575531
620520
183618
579555
91226
632095
131066
52983
876173
271405
473244
198513
692145
766126
11647
527154
361405
764985
313381
768351
748505
620509
545665
956135
824843
116311
784493
508749
221326
740685
495640
999058
729307
950542
377946
795210
278394
541350
429798
891558
455634
644878
529942
323506
384020
711036
776877
844569
39903
404588
511191
692900
251475
746368
27084
487190
72303
573364
925545
809211
130590
519302
301713
483108
263200
827270
597682
309174
282624
814092
694337
629871
950731
659801
841511
277418
155428
508891
175705
220294
230318
20873
797437
813533
417698
688505
364271
25845
745
705818
362521
504508
122038
150417
367859
932550
23216
688624
222006
652013
506661
897077
177316
319638
858249
926314
550401
656100
491622
957998
700164
523680
848853
586245
799272
194012
420498
350801
730438
571604
462338
834502
158575
193790
612598
730464
881778
392417
429303
463982
682420
288159
383785
714341
705830
706066
581167
124539
675169
568571
73316
701809
312579
558454
652103
430431
652678
255330
193378
849385
978790
847336
237445
213925
163271
639216
797732
469350
824106
252222
984899
319367
622522
10940
508657
885756
90733
916520
23083
62158
557437
401496
201683
709426
951135
450641
387690
75206
585215
884787
988038
504445
954249
201216
623565
670244
736477
501437
193407
166654
70469
273737
269883
580567
620680
209655
857961
215469
181010
235990
84353
739501
202298
555545
965275
399296
537708
368809
593779
763436
643572
213237
408350
725337
939424
939515
821689
179699
871397
274734
34029
265749
629740
567856
90753
365807
309100
701506
940151
846210
348267
271601
675756
716885
976587
332945
69587
246810
381197
251994
952886
587153
758180
90021
838507
792801
150949
819788
994804
505848
252845
411302
691599
722370
486651
272574
813885
665342
493083
78864
961400
981220
342337
393457
811977
215880
624130
67824
653519
299793
506922
313410
403266
165555
438693
704738
805245
551697
367124
314052
544631
632197
136756
374064
445528
929836
961549
857937
385177
823253
916440
913833
411028
382165
408438
347687
908285
225603
536229
241080
761032
229623
330991
264437
822136
876942
962423
842732
30385
556378
580967
244035
201699
483576
5486
681055
292305
431573
658647
597118
820030
107229
879743
896591
631857
648968
624518
672324
752258
569192
564717
251547
402818
154518
215921
88904
507677
60453
985662
150308
248336
507740
201659
449161
3616
145064
415264
357060
471485
212956
41343
66016
103789
707972
152265
265501
281330
533154
543740
454592
665356
44036
411845
20269
61083
496802
182681
400534
277750
9323
406698
821136
692320
216941
118878
633113
347230
739583
248339
857931
770690
388917
205680
519932
66135
37321
866276
849926
999980
211278
629229
361397
269964
821510
632250
406611
728210
245845
651426
982388
528954
757747
676227
959588
29605
372569
663917
772832
155480
592177
585968
31400
187499
944326
906093
625255
949960
506955
43513
437257
401329
712121
712942
874535
54400
258264
733398
634599
371755
906144
135649
504453
700545
792090
367005
621896
269671
988667
601669
858297
268830
79996
628097
409446
386068
810289
725187
487401
464956
600035
623259
617310
390014
346029
498170
790294
39727
9165
770551
121294
947707
985340
194942
505675
420172
672960
666517
414593
67723
521939
71494
924766
903825
319398
84813
89349
336130
630924
662671
125770
664229
185251
946781
709020
510913
995096
131501
26964
731562
635048
965886
497630
592530
263154
339955
188698
702476
942984
392830
633693
507361
278833
1122
881643
977199
225550
834705
780183
223768
832923
476128
240633
314025
670219
664673
614588
503830
260633
240297
823805
849519
354239
800196
572890
93776
158715
338155
382535
153593
496840
531594
8201
342777
535105
618452
818050
425968
24421
845747
408263
402100
823033
700553
493039
583759
858585
393769
949886
512370
599232
507555
545536
507238
901183
398049
281819
607995
344351
845929
293079
884490
155174
539001
802137
462168
631334
903714
196488
561667
36659
432235
560497
330869
241660
228379
983985
884016
866397
647286
546794
166138
101359
856603
707983
558403
863090
684947
830004
891767
743124
245603
809864
647119
717591
519245
423863
714289
948620
60439
427899
737955
802262
968005
743031
113687
551730
15549
153899
802109
8684
220505
177534
53956
716908
406325
484190
872088
385390
477552
451498
281438
442599
119273
659656
342670
963382
217159
469651
622003
49496
358550
908498
859833
247625
323724
679441
875298
432067
188348
103237
48458
198617
509436
976686
397380
805814
228489
884184
242263
251417
774170
777546
606598
404010
673779
676031
78728
445545
915472
227709
121298
425913
501925
824746
17322
971270
136944
464160
700477
964325
765329
886965
328800
583150
510764
874350
191839
735440
284201
310182
836526
670082
334828
521052
193476
943383
589977
363163
981685
913700
808778
601815
813088
834339
132594
54438
202424
807116
108408
759800
877706
212478
860886
507754
979037
928234
482916
761412
756169
995312
592955
838202
364584
686833
364700
245573
474433
618541
561598
490962
884941
25861
845272
135247
835479
451398
390436
95238
269919
875925
570038
119009
854081
978808
157692
547441
392394
891834
668398
574147
734151
453446
721034
31455
784250
176666
756987
928243
308054
166511
264461
450526
498321
242717
954979
960495
186794
469328
10173
927873
567060
292492
837493
233865
157972
661847
924600
35486
289057
953619
746332
624418
311242
247236
230019
302114
758102
163732
193484
633577
69555
463868
866131
398756
299502
770584
616246
85785
580444
346858
640188
346727
653741
988965
687016
254219
335531
231707
672722
467661
147802
171051
193939
933094
207250
392531
671864
878606
257600
573603
577048
266164
526428
395042
697239
582435
932539
471996
544548
580412
282531
228577
16448
356812
790656
563693
119635
196581
530058
534682
517558
311265
442176
208314
622576
752656
954866
828506
113516
845095
389238
495175
25097
95386
995352
841759
872881
90247
736320
611515
363213
456398
124130
470328
477774
783831
745451
592054
981565
330251
898522
528863
244983
592564
14781
121293
8319
646175
759797
577126
150868
570831
960203
234550
916642
25147
691805
682079
693825
854494
476293
177353
742415
619213
997892
739734
386340
881922
274180
928253
23456
990816
804510
279551
941675
126595
192601
475152
249496
51594
458262
449904
711872
666529
779537
843243
475837
551001
514535
575355
62626
85657
229797
957111
685629
301218
825641
137184
289422
437555
981996
384050
958730
196509
782552
637134
331300
886778
818956
815390
29313
43659
923479
22662
396966
346469
117577
601276
263720
276326
170183
185352
678427
491909
390303
568042
954400
586898
428772
26900
218395
606191
174624
499326
44856
157350
596481
276017
966259
785116
619736
872298
411472
447159
888909
628150
270966
799047
236995
370193
907059
872825
40288
254679
815472
582293
826266
355875
965373
787081
536639
903263
694804
834120
569062
997339
90992
684391
112056
852146
315883
140244
476456
552546
724762
39467
69599
925434
744203
428788
359250
774000
324654
681447
484005
479032
764114
70804
780987
897978
390410
772234
904366
549683
340991
300551
609429
374678
476157
29209
233601
39281
361382
950526
638404
234270
412243
661282
566145
595117
252865
192759
656788
373101
230339
281075
501270
75930
564610
747131
515220
258935
844838
421647
642154
290343
147654
182805
763862
727665
813058
457891
135768
329068
679592
719872
36866
162426
526013
72327
448658
42413
587899
836020
472482
764622
54409
37308
500304
742409
949375
738960
850278
579164
629543
365972
68580
615367
6430
376602
437255
144504
790508
554150
88567
144801
199049
881440
126025
438504
145613
484274
568319
550299
973486
789208
371806
544667
277034
827121
315724
176056
880001
321477
479242
142997
308629
848487
466255
410656
627034
342166
4327
557517
492768
916306
402783
163262
644793
941923
367207
314246
742315
551901
343946
701342
174301
887005
268730
92637
343889
784144
618226
380547
445549
656390
958567
599430
215939
338342
753240
370900
690883
630217
703169
804069
436589
935986
865082
465985
607709
121214
807897
907655
241987
337508
140133
56927
882977
785686
533493
115136
914748
725416
413051
687057
1619
435779
263231
160648
737408
231913
569934
706974
607786
578806
616393
449110
609785
99693
319252
588502
774172
901713
29498
929078
714696
256559
876315
870253
947650
470019
26224
554247
819329
87550
954149
108277
32608
321826
602358
547703
308400
953337
214249
58322
316702
497431
682644
298573
270472
722271
792864
744487
621509
119870
725199
861495
802020
811667
318924
904358
650995
591953
678133
564237
930752
417044
49226
577397
386915
339091
882943
233626
61207
76339
230705
545233
596704
124236
755810
272978
16791
985034
883510
279233
963556
789329
331208
352180
475165
586081
53336
751991
109712
157683
292611
504662
480277
187940
120142
956346
528335
418094
769557
988565
101008
38846
372206
992292
909406
718832
233474
669705
256103
438474
210753
790296
934467
811163
195724
151636
276352
281811
196474
103640
544932
878762
407567
572328
902320
135316
129430
823878
362718
529582
353768
717205
807036
798569
698615
230335
591584
839540
249294
560940
611522
601062
208206
677248
582714
681179
731721
165999
363705
694102
210502
551484
72795
999122
272203
424280
53442
667199
572536
394776
565807
566024
664258
748694
1028
406438
264167
676723
775019
20389
108422
556693
684581
526041
683064
342833
156114
208406
313955
716805
392735
918449
17709
669455
252824
931165
959626
335763
538524
912802
892992
352652
357280
179076
916049
945570
169881
316906
559221
270096
983735
920287
655465
678893
237693
41437
230681
721007
401220
297906
777940
423003
79826
342952
277715
940118
536766
920085
520081
739018
275266
137790
874470
566845
611886
220029
761614
531352
3762
853793
135327
793093
275803
981006
204150
895866
531477
422188
744952
344221
930728
812872
139943
818583
740942
309438
643975
772626
495852
240196
618756
683269
316997
19500
391451
844583
472178
781142
363664
865334
33613
16621
542343
336978
352828
209075
567876
134220
46268
427158
512703
577909
580149
81618
14876
250846
252008
954992
10992
857435
948789
593600
214855
429988
180661
647714
119595
622451
664487
339372
879748
514992
573018
318931
1939
662070
166026
155639
737120
646605
644134
558258
957744
451027
337027
149632
330425
776001
776210
10255
963365
470116
75869
634606
756677
956268
241720
800173
992704
297173
238296
950910
950037
282112
364056
533375
432467
444270
479086
183789
151595
475354
401322
209267
80713
368198
110243
786114
416865
918228
276746
782297
934087
530227
474314
744581
476810
93245
23201
449943
589580
67665
485555
981800
29756
597748
918227
993818
396501
353809
651192
375046
486031
331028
254576
568515
700918
81172
846073
800407
596315
599690
20226
111053
307477
757003
233390
885383
648217
872903
420214
769699
426596
627316
290251
836297
116738
123890
532157
524683
413082
305583
681635
825364
963238
236179
692772
670365
986819
738178
667252
429521
774409
169461
108372
146575
502700
179051
737092
649817
367123
559825
169533
475072
434834
736697
153218
612851
510062
661330
684434
36758
388116
272876
74009
217895
919299
110849
889423
133708
159001
247407
609348
856038
692572
714716
563941
764011
574206
196756
337452
949449
491320
153467
425601
495999
21471
493038
309576
160942
279563
319762
276641
263898
714048
422456
179963
607907
777260
864747
889642
561426
732052
576628
122340
271213
875768
109479
30495
371125
35339
822858
101394
712051
637968
686344
103236
235685
802622
30363
257047
291487
958578
375864
926300
265097
373068
807644
653684
96709
111834
644736
628134
519380
388076
523594
146819
321132
770337
563616
297259
639691
587175
895660
566473
156178
154537
475382
645172
371412
739875
682014
866787
778912
754708
966868
84103
74201
676978
560201
748679
604442
149319
323183
737006
633174
676410
764188
843
698452
326473
219683
46871
710745
408461
416981
557422
956109
179310
143951
559263
661644
575362
851728
985801
554119
228493
216965
525405
577482
729682
19620
213158
279855
159200
15680
103562
723061
603766
969508
557906
428785
585965
684552
833688
748902
326193
623526
247027
680092
972979
583945
72180
946912
565566
769983
463554
881272
456715
473930
298505
482040
255330
829477
463579
542690
727227
136359
657299
24728
592281
404956
631618
355117
68004
741584
631263
154199
172820
343181
190501
952619
197065
619259
553380
355880
833413
729897
600292
700504
54296
696522
808052
687007
869887
794850
761964
57787
993802
632167
964036
266224
936436
256480
539538
131896
899046
882100
730135
702120
15799
7481
652557
604730
28715
875848
350890
94759
264225
986921
555164
271734
476522
583492
225895
765791
361214
885269
437249
944304
237807
98512
10013
211837
137623
219587
481246
275255
341086
457279
710371
984620
463838
127044
115640
366239
323334
122440
537179
962873
179401
417165
261000
371926
845314
180210
863777
578563
525081
223918
183209
316025
51871
345445
667041
269950
264714
204301
9223
603211
8395
296501
816413
944000
359796
351634
14090
246507
215669
191170
280344
504556
378059
410709
297249
52365
768460
974272
439848
134160
312412
228106
850092
173993
578130
88012
824994
266924
337330
422712
279844
392080
478784
372003
6839
294571
537989
311679
76040
864923
772158
910961
322229
681916
605897
570322
406106
575841
216592
616534
645613
977476
306847
838423
529020
485075
917804
284681
960669
795033
188950
836570
19247
229905
835801
131095
761035
924472
756226
449316
527562
158735
830272
42769
137969
996514
48283
290591
188504
402020
360428
100288
410817
791757
181822
43521
926694
87107
775259
973172
522372
43034
965254
875073
667478
639242
682382
904730
569914
927391
213559
572416
101779
826368
505084
420200
971324
768842
481403
841316
267893
642011
534179
248235
4526
660053
81555
957517
725706
228729
803678
471900
55283
602568
739052
46543
662640
345056
560862
766855
286485
664696
100728
138518
443658
193623
745793
1753
735312
567947
916354
611792
340971
353320
130218
319284
140094
783139
556431
670364
529036
867179
371324
559480
226507
706405
594876
162478
561357
74127
227524
930509
982538
290068
904439
106020
132620
203593
906873
518051
897031
491444
741398
405053
412454
116956
20539
220294
595458
56831
881181
975429
531033
264764
10340
128284
147881
535324
426255
78001
925127
875754
141696
318318
343237
787057
221025
847110
19480
560624
740941
558958
10547
813928
13907
916953
913744
312731
169064
205717
240528
18513
475478
146591
58332
414953
51069
127839
143884
155460
76294
209452
181111
769757
503302
782717
609471
168777
554702
661448
883638
10491
782866
217698
667850
932891
807437
184904
42383
642785
747668
202591
875298
528956
198690
601473
701634
317762
627536
658769
184524
43002
36755
95430
743561
39377
434089
382141
636695
246253
438363
240729
902604
324302
965581
639294
740457
576310
179651
933428
665548
643235
886356
569692
694977
895391
192192
377369
163772
922653
107933
147046
583930
871003
477378
22512
848995
319786
616669
168925
1047
776600
611273
72594
956160
315484
730651
382449
116081
378845
263803
324923
895603
869090
358964
579675
968458
527141
115281
466500
331207
487682
439756
295854
296701
705082
33396
920347
597790
437289
67275
775197
426564
384521
517623
748573
640142
685036
491737
112851
207084
145356
866964
94451
29189
62120
262130
746317
37988
748371
546296
591835
873734
482404
421847
735484
821728
826473
744809
183287
34073
597057
903257
356287
82983
479092
386745
292293
601129
859131
882710
213428
395859
542420
358220
649388
589376
944648
366524
949405
87549
681745
116281
777857
467507
469559
826759
872299
860995
742173
694194
202884
844998
358357
767632
492072
220528
600359
148707
929973
65668
857859
646333
534673
583659
802520
878497
69790
53272
441059
643645
529440
474662
704859
257256
330841
152115
493450
54682
317335
888938
869702
542030
935184
304942
308293
949023
17971
283258
813711
539669
792627
107969
819424
435620
292537
458560
287545
487151
855005
380521
571229
645312
741747
548952
344579
342866
685499
63373
420525
880741
786178
446667
581868
700638
191346
660354
205209
426413
528121
633943
119488
234524
304018
15326
176057
54528
602657
287833
800686
628594
18996
16571
744123
120647
35567
559104
797117
227090
586921
296909
90443
549138
635793
531448
99176
299423
748096
172236
228737
27629
780230
906040
790561
575580
977597
125372
826744
637848
984036
5131
474041
786234
808350
145555
504008
437925
846021
214972
688619
172268
648513
678578
703880
450338
374484
453064
108240
146661
480077
216565
642115
174337
119464
318896
289466
7806
9749
883705
11686
663112
730202
554066
49907
513168
887558
178469
466089
971393
110651
568217
478582
202069
110360
709801
35682
170591
947097
556429
560391
8993
354189
165692
46711
477451
472250
646960
890854
103597
448548
809479
976446
492079
921293
372747
942676
961102
457485
74066
378007
140980
112153
81121
268551
953277
373736
424909
123549
482363
823078
827766
742816
632367
813527
674546
884249
438508
695452
558682
947248
725630
237881
169399
394523
597315
702254
113692
353502
98268
646696
749237
834358
770288
757286
35909
537967
608091
519358
214474
318606
527007
299250
330880
673681
60050
966593
215977
52213
328111
563131
839026
554017
797074
738721
811717
171227
150823
993665
196396
97174
795278
313883
195450
439396
885619
354455
89643
371322
883560
593581
462466
770865
219248
395964
111157
84374
531923
45758
12776
901861
297904
928933
974403
434153
874360
87393
441852
418131
574920
969547
265823
368138
312141
236156
894112
921724
17431
722944
816875
595628
477299
83854
159416
999078
192957
540663
438765
201182
406260
429184
574886
158475
616378
227212
704130
426056
694902
556950
486900
255633
631232
116275
98921
62738
45366
890815
752339
86043
115033
93279
277546
946325
755767
736269
651876
360499
105638
655216
127818
135862
719057
657842
542044
963581
781103
476694
107765
196930
640629
190071
778607
206337
551784
133866
998018
919077
229319
565588
207677
565528
118723
255697
71591
582176
86306
777592
293020
894900
694019
11831
274203
263968
64671
717176
835796
850400
602209
48793
392608
11155
15089
239843
456823
621368
498285
607847
121457
55424
548208
601450
160366
626218
387720
406251
946802
392239
170857
708965
691138
758721
284624
61179
937423
206051
51198
686941
470898
522573
363780
532568
884535
213198
684795
257120
464356
767330
905753
343093
604669
815272
433915
744051
943360
4602
249502
816270
478733
42178
125944
800358
301924
888667
449976
216187
883790
950751
725489
377289
413106
498749
640626
363072
117870
229483
651826
541414
790186
109657
670343
263328
135538
588636
433338
710232
858591
655622
422110
593971
679565
346326
283295
521537
788789
677685
503251
881982
745175
739595
118646
382243
419876
97955
5589
285956
927738
585515
805546
603339
964605
333857
164288
531373
548213
960478
301477
111638
355342
139943
848007
828076
376348
975125
259842
22107
643203
922732
101840
62433
190134
353223
635108
697516
773390
74831
687665
912367
643690
442586
694407
181623
181797
956072
613543
351333
389731
987608
892116
383787
554246
521009
634598
788059
18879
292205
773670
484780
984532
350154
429317
4884
167670
952249
244830
470471
547521
866089
822035
74545
662257
257316
266147
555400
749546
710212
651196
202357
615293
722258
303660
793543
200582
683653
767713
382432
225123
690518
794878
395397
830692
208748
257353
441138
755029
869033
42513
609513
894894
31430
326879
849420
706375
689462
113711
565552
98656
51752
644863
76489
410170
392102
222334
470268
204021
660478
629908
730950
226746
257531
659253
540576
430045
712699
249108
780285
495346
554220
648867
612762
602207
147906
853384
759269
88611
75866
332866
920670
883571
575666
554032
955417
272006
883651
737559
240961
519646
289707
574653
840400
525057
944254
835982
502758
156014
223489
444571
60154
654729
946599
694428
300208
96041
818058
842906
711319
776034
851960
537913
724037
272654
84798
869671
403927
29378
747906
575943
114247
435116
178748
251516
268411
675026
267880
25506
829093
830398
925874
788612
58863
23030
957778
74439
773748
212822
77317
347400
893412
73104
122168
77936
774203
866993
317754
808933
859545
109715
476674
108081
554954
468573
651445
867023
912249
523661
942192
325775
522253
978693
88731
799162
141834
279169
800288
677188
886732
5951
170036
464057
891919
711132
919652
89336
533535
891396
132534
415714
856803
15970
370149
874094
234386
957033
103447
967630
12766
760998
882148
350171
922150
126682
775611
61654
627394
542483
148955
195253
808012
843400
560316
402235
236559
493006
552285
826141
683694
170665
615352
501084
914818
255408
344458
335639
863903
947019
37862
159292
601342
26920
743902
576814
189352
885995
336340
55973
851944
623868
102498
659816
134057
309901
406949
15079
894705
268311
422767
995452
703921
522055
256437
375277
80910
200304
261952
416452
810158
474734
950934
188034
145821
998978
194324
167363
489662
70682
915529
287098
435146
68677
884443
722547
228207
573642
602225
900274
786487
222377
870963
692177
272160
14683
373008
645290
321314
51501
910040
394767
199307
820177
191076
707669
182558
861391
351543
177349
821663
74845
768836
402392
881956
613082
879819
789471
985722
621775
820532
940391
463245
269302
19736
823801
318410
937097
209875
394398
267295
939494
650698
628966
851638
591525
195538
132690
714683
694964
978378
647188
413735
415990
533850
872769
306060
138233
524586
329945
942095
470535
298730
717151
901036
734670
521536
842879
497889
119695
843689
895877
123484
987485
178682
335965
280776
458909
263370
981053
200742
545647
996273
81811
441863
300179
4515
712862
970565
54842
910081
950501
534272
613054
437828
820144
661507
707305
681215
28446
870607
913686
720353
151028
81872
659554
496438
208197
80546
680517
929836
698598
270629
603129
237396
201975
201382
571732
644549
509942
828205
948379
649463
721749
914195
609475
430315
354805
745650
644867
258720
18497
499125
308513
905282
912487
817102
272539
691613
86048
205383
350910
972559
943616
901291
327904
9362
980618
819967
633421
90849
432374
38650
192433
314737
716907
704137
648853
373963
751763
42650
292567
187747
255600
220743
370503
39990
870210
70430
395345
586770
296545
894819
318330
510469
336123
587259
16377
581530
93059
167041
913152
657438
464374
935210
521198
206065
217322
391232
260632
344234
361163
544184
788158
586546
126246
924531
792516
749418
456298
20871
283844
269389
209003
706336
277305
682210
537476
492863
88335
228932
100731
103843
330002
508889
935726
833877
21992
662154
649728
93915
498139
518614
678207
853529
56628
71521
535411
268221
526279
395341
550368
817793
140411
582282
782864
34421
444469
468012
737449
584280
360188
983118
81452
388180
792429
699063
371261
290043
578894
625515
229700
597771
698864
692827
364394
542677
697424
121153
793969
235258
312300
767414
773013
821715
214190
779800
612796
590182
718345
393782
60261
380379
795042
548550
829496
125120
914768
550549
659474
963373
291692
782377
499526
260177
795451
763108
834355
732872
765934
166097
376923
805775
68469
702263
117436
831197
662459
769842
20123
546825
602152
50573
213944
943293
744614
943547
376753
751146
529610
54741
435195
847312
484395
75314
485881
101348
870876
358761
701907
194784
946439
991068
250560
852771
514714
365660
92404
125957
465607
212349
153048
519899
277394
958101
885224
29419
830084
408490
204805
739056
891749
564119
767883
814768
455432
822687
663335
177349
396748
376800
294747
536853
422646
260655
291237
471351
486452
246070
556056
637704
252648
506635
337312
757036
741908
277874
505855
468028
22057
34117
532093
144595
383848
832306
30207
318999
850472
38870
124476
913601
998192
166124
98233
943429
759934
673445
457437
449727
181146
102836
322410
536958
414988
382837
96419
957234
803763
205656
675870
746574
659266
969531
85241
371380
108052
618505
633052
906255
568009
886593
400759
530324
73124
544394
29766
483244
493273
889724
622964
635575
791278
198521
261324
215355
735166
757660
917202
812437
427332
463794
501257
907705
770806
427179
7873
845115
409993
982141
478786
618346
101073
89440
624713
52346
927329
888785
958934
160211
122274
144854
692616
710946
939088
244787
561630
319670
713642
753669
123983
292990
541114
524417
681810
581418
57137
499323
590819
321184
334726
265532
320561
733390
166422
777135
270633
176834
986920
216021
414820
871033
366309
117786
440170
15116
860247
670812
588928
618794
247072
794029
607794
824446
304724
860737
690683
984759
10291
321016
289594
707682
847156
361165
259382
242229
677594
162463
259688
370272
390012
122402
569733
319765
199236
681828
334886
318332
7981
616841
571192
279174
604515
343935
140156
273615
449697
63388
366010
271106
689695
929733
673024
32273
638210
308177
55241
778538
848178
504815
965366
791029
714310
782159
385768
646644
274074
169874
420723
90044
772863
231355
945105
24297
601898
372794
158387
494673
805292
538250
30882
429991
461818
958400
812471
730459
763845
360252
179402
486263
620831
352870
178314
621540
675235
588622
364130
873381
657959
438997
794988
994175
290381
51030
800580
610837
150326
912456
828065
293768
79719
49126
59031
675568
439191
343826
804086
960909
788937
962551
235672
16138
768720
557159
906904
987971
22748
103285
464425
640789
549447
958332
15907
623562
844539
566413
238947
706013
917058
321693
359336
484983
413731
631983
628831
742746
583248
985938
413312
846731
95337
558961
564750
986597
241477
795395
707899
49353
477052
767453
192202
602403
462873
863163
838962
261084
398474
311780
845049
310977
114563
171625
846807
297264
556887
654136
885340
677105
640533
680510
337319
141013
306993
780185
423470
10199
188777
990696
377981
534797
530001
284293
772961
624000
552128
792280
676173
336807
894049
599468
319746
287295
209893
383362
132766
988221
495058
562108
232754
835633
656553
356236
53720
361399
72492
575658
386819
951281
198414
901704
306202
988411
877929
629795
585408
436127
117197
360159
728635
100177
247859
481658
154714
276857
918511
662515
39588
63559
221064
989745
233278
391984
730421
705341
868890
390314
883253
191977
964490
102967
746685
937941
277329
502951
152324
455298
179526
155020
159905
745428
902985
742248
40917
518699
284787
935351
3639
275367
155101
228707
457318
960985
887499
794322
347493
937299
918357
597953
269353
321629
238453
803682
364850
638792
547975
232988
106536
655339
657234
960263
59372
420047
227990
859744
466757
134274
831017
648496
64346
724850
176418
913806
300590
746877
51625
98906
517750
407410
980807
394933
949076
931528
101939
471648
601233
584425
113567
112765
720837
407878
235306
951767
3157
479559
236197
15917
668370
459844
547403
986711
344262
227894
105260
686800
517074
319150
668478
737964
640892
23312
498551
401161
959511
895091
386957
462334
442472
527712
871982
619905
128933
391492
131165
21848
49560
292248
190493
800229
672180
617747
801165
751278
3813
317876
47481
837787
282765
346244
876158
570723
855246
479136
427163
875458
608730
538916
658106
210848
292281
292644
389645
545983
485149
562239
637616
496831
486041
40810
320969
353242
953551
874575
620348
400277
734388
411598
903164
150191
551317
458180
507232
72057
480530
47818
953239
918900
129524
974579
871175
261243
931137
827043
1209
434537
888005
342206
926683
316637
367746
955700
94736
48761
527020
421584
484802
959879
9176
147208
444038
900603
594121
6313
228963
239032
345571
839451
244298
384796
659663
536791
316664
86149
332654
419488
462908
607831
930101
955165
620032
418870
219073
246656
391965
149540
45851
393636
466360
938380
980686
648136
643466
234476
25194
207424
953817
362671
605524
564159
551352
995928
566616
869178
887747
82950
598854
466563
874670
893872
354345
745304
111175
86186
157113
440359
282445
94227
627995
918427
611106
694681
930463
858693
707859
207037
421703
796339
457540
287286
65808
984352
462499
865966
320200
153643
807138
979704
904595
378190
29376
302472
336957
896147
564160
26227
308907
886204
272842
942811
723510
767972
503944
22329
429077
259534
220968
636385
695032
808575
764976
853981
292341
38951
306509
9096
657765
773473
424471
657335
254584
853384
91364
810071
885201
617839
231429
377355
184246
810742
246631
646890
957207
963199
277390
196640
357609
375272
767889
350607
675765
410820
985287
92443
861194
540669
410450
726057
62739
438566
396503
309953
741641
251451
792429
329834
265947
835802
342531
211371
442213
843395
755188
286026
176693
227358
251624
154168
111397
191793
502657
962763
169680
185508
300950
685490
634203
69667
900224
845079
487118
169963
21788
548712
532239
561250
690371
316475
709270
786696
145739
492489
171463
459932
917667
62812
444527
127564
785849
219826
943216
797860
85268
978496
42916
931997
491437
569252
450587
586729
582283
598719
766703
970529
493148
61482
753497
587256
24870
538565
141236
315806
31572
316266
462336
243905
409962
575521
552712
431176
706125
208032
471067
204593
20790
858465
451124
600148
830133
386301
483192
187497
676691
940575
78283
49129
495082
935958
399098
752868
771375
511042
260325
234557
838710
653412
155316
628929
292581
199253
786633
897511
466853
616570
120725
905361
155715
497301
572385
423540
334501
756694
791637
142692
793482
317736
415662
820096
871922
862177
228575
205584
931080
435768
274694
153893
163290
241379
777237
164732
171427
761333
501549
970963
445415
7863
378850
73823
173609
565957
680851
988176
536444
303007
223669
437762
982414
221607
756821
166414
240553
715140
881588
650975
608407
46512
223856
397508
276756
866264
35336
209267
451913
247451
308059
95955
363635
633222
480243
77963
164887
1638
225395
964966
653815
978118
786674
31627
688209
583724
829397
337359
394366
621885
420250
87607
259936
624670
244964
43782
877613
471583
240207
116166
226120
447157
361798
45973
817351
751226
234609
758520
303371
388336
330630
317693
739956
232648
973007
70157
730104
69150
967372
461574
46767
549952
329772
670876
90662
952346
899801
103688
630837
876925
322302
716929
191553
471740
269600
836090
629866
240403
377067
253501
477850
410681
245370
58354
817492
667812
785218
24256
734443
155359
203623
768578
206363
574526
956412
261793
121535
712438
210598
777263
315939
4486
701332
584179
360222
601913
923955
393543
598599
66383
571495
423296
777008
389727
750909
270096
279603
610493
4390
661227
891743
418460
950443
891099
259064
711056
649466
714690
621223
83378
435053
236060
912972
472058
336961
214505
757241
600132
165885
31073
997988
366044
858020
3526
774075
402850
448771
197294
757679
913934
522381
678954
247061
90952
380259
947576
393500
587165
599354
708332
649704
324936
285396
816217
590071
526195
92727
557071
244082
311357
150803
968340
785031
999748
551477
653942
737848
848983
849695
26786
493277
488357
869463
625941
968752
781249
290593
615346
902597
104521
655645
447185
73991
414436
607304
903468
862610
185641
159176
227449
213553
436419
90132
186224
958622
357580
97552
281413
32598
623148
805228
558908
689274
485302
182064
687972
769967
794041
470278
288762
902184
619257
327762
414141
183893
239713
815753
73643
944908
791551
928878
984497
177431
446439
737010
884064
933871
255361
993925
888715
223916
769812
554294
318488
21521
751955
490416
732806
867394
918596
551594
274988
259767
344710
242463
881217
186245
992240
179917
234965
780068
923825
866419
81220
94508
84661
24491
705104
829851
660371
856739
936426
697907
680834
828183
464488
912784
33041
419179
855961
261373
911609
744140
688797
54888
704678
775773
955571
786267
820464
572965
966546
102042
438105
495227
996825
228385
229523
776758
901942
917778
549591
82658
212858
216028
109494
731454
937841
138269
794784
91434
983115
961656
423996
256086
315818
715803
360011
95699
303817
173299
79597
2716
161553
325368
902053
996933
941473
687675
804164
452363
446683
616714
8571
325402
585708
834091
784684
257712
884626
240704
500925
117295
741836
172292
980544
949309
6733
846460
411225
26148
529664
60263
691816
350966
755863
97503
9383
608875
121273
828895
508256
928179
178266
842828
194273
927991
591485
425753
700829
598287
679708
490805
669153
737737
258995
718915
124935
920380
349259
911175
69417
17939
321052
655464
467479
523812
983126
119536
17011
880286
212226
224670
523808
768183
399628
742426
86028
255508
986949
656142
209408
544917
707583
563754
160601
471322
419609
981437
319018
188465
335669
98130
397820
357071
477177
478818
441011
397138
232282
216657
28694
340817
417037
859339
873177
731983
628370
237663
172768
978588
720945
349341
140919
251286
636979
427031
786258
65130
120685
544730
577758
306609
10183
645408
397598
364633
671992
299685
49827
679738
580275
232654
848578
305209
867815
688738
979987
938353
540990
152851
414206
131250
584672
47141
311968
810227
996996
585801
80355
583648
210401
349580
821794
743027
26560
45977
778615
448919
287234
924814
533858
765468
111279
429448
417625
960957
75270
176509
762580
98723
123749
533457
15099
166197
573140
578224
721193
966401
934234
541650
996839
796545
513919
656443
136278
96747
738266
446401
106374
19622
752534
320628
202911
599588
779323
162420
306476
74790
218044
854463
61463
943817
41509
165974
477766
875298
418211
866062
648447
458511
416365
221605
447588
456742
126011
573896
824998
919466
876089
366509
265867
799802
886389
658326
350290
849338
212374
226545
689668
757015
562864
848972
761633
703697
661153
948284
650811
462115
897970
310581
184849
182419
845548
539488
504887
373663
710173
95991
689061
584794
264900
324641
900365
911008
515221
115802
807220
846122
582380
71592
772176
33073
820437
542298
241948
805550
94668
202492
945656
820612
332993
630538
573156
316330
468897
164965
501529
268381
263377
370909
782846
282520
181157
191237
237741
675950
175170
990163
11323
709235
858626
741514
588741
501940
987980
693670
498596
268346
778028
256975
222317
853609
562955
536247
971026
612684
415733
37785
271649
129145
880999
23396
472434
853382
997791
592318
765162
313606
472549
779681
761062
858725
142960
198372
637722
765926
110463
178993
511399
42669
531500
565223
27774
951458
474346
31558
954594
929900
974158
346253
459190
468802
171333
364127
34432
79517
973652
282858
577127
751401
507611
962224
853930
91416
856582
240702
280563
558266
456429
570431
410223
566154
968132
525591
341092
992245
593721
19523
32467
4222
952753
31049
551078
861706
386885
289846
642908
381528
17680
601302
451608
767158
863451
517234
32251
727043
745962
10706
927444
253506
291427
539038
81921
793800
23436
370368
177144
959336
837073
746387
625322
277130
299846
638844
801081
602628
109602
267925
850320
296985
252922
994319
204621
570442
962675
568347
922652
310388
661198
172222
832527
383596
122879
579203
44393
940977
656887
913709
136139
777600
841190
942854
814495
714888
417522
998695
542851
783966
916933
692185
372001
356258
132391
484725
855704
699728
768809
142948
670952
664612
164533
643810
32960
634181
431074
562178
931136
165041
346858
204014
538871
392870
897865
272973
32677
901887
344610
903458
123741
214201
313640
246095
311999
274723
753468
481054
527767
142742
140620
992322
207209
448981
903413
819858
802117
693839
140217
248112
128194
723346
419737
503442
671376
885773
254470
374395
748151
6075
287395
287958
428863
829600
908177
842949
36207
817136
639881
207494
152023
569738
389194
910269
553020
375175
738848
1359
391564
414526
243370
868066
14630
969756
952184
779447
677562
584326
877600
265663
577177
290925
748196
711532
652833
98360
854614
224649
617507
189569
109728
953372
686435
731345
353659
741512
507178
976464
627918
804806
311134
126715
180852
584941
69742
513962
360246
291029
339007
455209
116092
360794
886975
429448
471580
915667
717965
48045
185841
86626
175999
321105
726661
132722
606027
370473
996856
788889
828269
520541
598597
993885
750539
374170
545535
631360
62226
12073
437391
931316
757198
362163
12147
849763
145370
644595
781198
602168
771341
344531
593149
9307
929958
987323
284019
778321
180697
795972
674190
593154
998687
626476
925835
200123
602684
686447
332327
480894
324123
304259
109854
766487
900276
73507
403528
487183
779790
747231
918705
969069
817546
853039
784332
563141
325417
565033
98508
416745
335514
384567
3951
122005
651839
542006
919120
216730
234554
755885
333547
863080
69307
699837
884647
244162
939943
475528
730072
739689
709901
659744
478479
772095
931998
16833
604169
501504
579743
981923
669846
774766
647948
340588
834246
704326
527601
919991
97142
543843
162796
809055
238490
203200
662975
172948
317228
874444
917472
874945
125173
244441
701986
174584
740316
874675
690795
659052
129016
919378
503848
172390
32432
220995
691058
625994
908515
809143
795661
643966
30600
978353
158476
120104
603501
849578
948289
927815
412434
883606
570079
817261
657905
961755
527226
50113
854293
24762
439730
910128
595252
775888
219697
742905
772010
771259
236805
696345
117589
994850
121913
759817
339440
394687
391648
214094
671531
459901
707883
587061
54454
283685
516533
210818
51426
706706
746914
98580
695958
93109
359367
470696
799737
501158
12783
129863
674618
405673
496056
683983
152968
276274
404544
109694
371767
396598
429760
287915
221382
541899
358943
93823
729972
739854
694792
312
509134
549406
398883
705549
417094
889628
604744
292624
955516
44142
678292
446655
393259
566823
525980
115756
113883
687481
352871
432783
82952
954077
895746
456145
753961
959089
898810
363427
294848
814758
863272
313447
866612
331742
842112
819853
330392
68367
299359
433292
856778
605897
619327
943369
860284
334657
715752
4136
442437
637421
157884
691451
713144
863072
602647
734546
582975
595351
846942
398151
492078
584338
758009
407004
298517
135624
238923
202676
866563
25688
237413
160659
911858
734157
26598
167912
975453
758379
605879
389198
61712
45782
459032
569342
672303
270156
130377
663594
755757
978831
709230
574509
550350
268200
779466
268891
949067
327766
969582
617542
444294
511200
113503
899195
734722
234956
636731
282910
142809
14958
9847
521572
1549
427269
276901
847980
843897
58291
571342
394682
414431
673048
828661
261845
719193
464988
824354
729892
249868
713930
858246
995984
930599
59772
736973
791269
900293
834903
196183
811417
965556
166427
968532
362526
717252
362164
531350
678019
544580
371472
158086
441588
448863
652125
741602
105291
973385
348474
96804
298590
524617
877599
764669
803189
919216
328588
999549
603481
102166
568943
67832
433298
19326
922584
197052
675476
199014
690108
964692
227949
40074
14055
153037
500344
91890
230916
877937
861765
696333
685650
94485
138464
839398
467546
19373
44550
708249
414732
112483
575231
574274
141502
921144
995287
332550
464374
55914
577278
817730
274696
725425
831965
618675
240723
863010
965954
809031
436170
299640
101399
116869
486043
426899
272480
982193
794405
639390
379146
532421
271580
157495
798520
398954
995331
433963
16463
549731
599020
395599
840936
69753
690638
685539
346909
881987
486827
675551
326947
247186
436568
510693
104027
286654
517580
171757
246094
185642
301995
567590
697020
305651
69082
536010
54841
821381
671753
466822
912774
494451
769937
948324
905782
621720
575815
630348
92619
737395
910882
962147
744695
537060
25086
384693
709416
285146
214914
309487
172350
865647
268854
772162
747398
184267
400376
322463
113291
463541
672421
482616
649298
607418
502187
265288
983322
97141
748725
889869
252622
39266
218357
5857
459174
712279
487104
893321
169072
457151
825071
993679
327449
656510
119736
273920
724343
550701
2389
720322
977494
957564
666554
156918
162725
761082
325546
554486
2033
425922
113488
535199
523215
296402
393101
551976
407492
922182
328089
311196
786083
986512
917366
653322
563433
69662
511272
393661
649182
80483
612778
843544
19881
237350
410461
301759
566765
182877
718109
871068
693621
647510
343138
118899
724563
379915
648790
148300
162310
937582
469997
23569
220916
45561
787484
209748
351922
859518
366945
210045
188414
798992
993146
927439
403971
892323
879650
190571
401076
815167
55768
307612
216601
412304
474248
26705
754779
594419
299373
531152
391470
171449
790664
519691
276625
48941
317874
115843
932902
64552
132313
670775
649323
163291
771584
171960
468874
735703
105418
321203
469347
332649
256079
840347
16649
484939
551496
739423
996054
623008
542801
227063
188981
222462
527278
297232
139128
316743
555808
258592
630322
213640
948578
687420
46960
188113
167462
517034
912190
707014
124614
351315
525926
63076
220008
227643
479242
776610
959078
973847
740598
590869
385475
706744
892742
768544
593463
211654
820899
770368
497623
537263
291460
126760
882409
853843
834045
603790
570516
717265
76482
672137
367925
549477
2275
46325
341002
203491
302043
977855
696706
538269
137699
317137
75737
738774
660787
319643
39063
287948
650071
926534
319821
435467
423272
786996
791521
770765
621050
264493
940580
422625
91319
737006
552995
694329
790693
302290
229332
128195
175296
512742
346408
956198
530144
348475
152691
70763
607546
169537
953968
806211
878425
123163
546642
405847
183129
300975
501540
382795
790874
753150
832521
717467
239570
160262
126301
172709
284900
181287
373011
815582
822123
230238
288708
368582
668346
849317
775481
635747
847573
626438
493125
312100
994483
541892
522240
234378
879493
933174
844611
563360
565855
977170
502690
254802
432614
238232
145190
1622
604596
478922
691223
191485
474897
339913
826748
457492
326667
860940
383092
918529
377636
688493
358488
248756
647859
678274
876757
319139
395395
903280
347150
677705
134288
444101
416239
409682
369681
265207
186999
11181
67635
793767
680915
291823
655986
469847
808716
482841
393293
163310
291131
50883
844380
552916
794743
959551
727802
485772
926336
197027
486622
129950
24773
251685
357976
330060
39084
886676
273511
547435
389959
573455
453577
993882
513743
596437
202743
163280
835688
870964
385393
809759
214934
60922
967612
796722
731832
753719
609854
285574
389196
885838
216399
19895
767482
953255
680147
518439
869586
