259327390
259327389
259327389
259327389
259327389
259327389
259327389
259327389
259327389
259327389
259327389
259327389
259327389
259327389
259327389
259327389
259327389
259327389
259327389
259327389
259327389
259327389
259327389
259327389
259327389
259327389
259327389
259327389
259327389
259327389
259327389
259327389
259327389
259327389
259327389
259327389
259327389
259327389
259327389
259327389
259327389
259327389
259327389
259327389
259327389
259327389
259327389
259327389
259327389
259327389
259327389
259327389
259327389
259327389
259327389
259327389
259327389
259327389
259327389
259327389
259327389
259327389
259327389
259327389
259327389
259327389
259327389
259327389
259327389
259327389
259327389
259327389
259327389
259327389
259327389
259327389
259327389
259327389
259327389
259327389
259327389
259327389
259327389
259327389
259327389
259327389
259327389
259327389
259327389
259327389
259327389
259327389
259327389
259327389
259327389
259327389
259327389
259327389
259327389
259327389
259327389
259327389
259327389
259327389
259327389
259327389
259327389
259327389
259327389
259327389
259327389
259327389
259327389
259327389
259327389
259327389
259327389
259327389
259327389
259327389
259327389
259327389
259327389
259327389
259327389
259327389
259327389
259327389
259327389
259327389
259327389
259327389
259327389
259327389
259327389
259327389
259327389
259327389
259327389
259327389
259327389
259327389
259327389
259327389
259327389
259327389
259327389
259327389
259327389
259327389
259327389
259327389
259327389
259327389
259327389
259327389
259327389
259327389
259327389
259327389
259327389
259327389
259327389
259327389
259327389
259327389
259327389
259327389
259327389
259327389
259327389
259327389
259327389
259327389
259327389
259327389
259327389
259327389
259327389
259327389
259327389
259327389
259327389
259327389
259327389
259327389
259327389
259327389
259327389
259327389
259327389
259327389
259327389
259327389
259327389
259327389
259327389
259327389
259327389
259327389
259327389
259327389
259327389
259327389
259327389
259327389
259327389
259327389
259327389
259327389
259327389
259327389
259327389
259327389
259327389
259327389
259327389
259327389
259327389
259327389
259327389
259327389
259327389
259327389
259327389
259327389
259327389
259327389
259327389
259327389
259327389
259327389
259327389
259327389
259327389
259327389
259327389
259327389
259327389
259327389
259327389
259327389
259327389
259327389
259327389
259327389
259327389
259327389
259327389
259327389
259327389
259327389
259327389
259327389
259327389
259327389
259327389
259327389
259327389
259327389
259327389
259327389
259327389
259327389
259327389
259327389
259327389
259327389
259327389
259327389
259327389
259327389
259327389
259327389
259327389
259327389
259327389
259327389
259327389
259327389
259327389
259327389
259327389
259327389
259327389
259327389
259327389
259327389
259327389
259327389
259327389
259327389
259327389
259327389
259327389
259327389
259327389
259327389
259327389
259327389
259327389
259327389
259327389
259327389
259327389
259327389
259327389
259327389
259327389
259327389
259327389
259327389
259327389
259327389
259327389
259327389
259327389
259327389
259327389
259327389
259327389
259327389
259327389
259327389
259327389
259327389
259327389
259327389
259327389
259327389
259327389
259327389
259327389
259327389
259327389
259327389
259327389
259327389
259327389
259327389
259327389
259327389
259327389
259327389
259327389
259327389
259327389
259327389
259327389
259327389
259327389
259327389
259327389
259327389
259327389
259327389
259327389
259327389
259327389
259327389
259327389
259327389
259327389
259327389
259327389
259327389
259327389
259327389
259327389
259327389
259327389
259327389
259327389
259327389
259327389
259327389
259327389
259327389
259327389
259327389
259327389
259327389
259327389
259327389
259327389
259327389
259327389
259327389
259327389
259327389
259327389
259327389
259327389
259327389
259327389
259327389
259327389
259327389
259327389
259327389
259327389
259327389
259327389
259327389
259327389
259327389
259327389
259327389
259327389
259327389
259327389
259327389
259327389
259327389
259327389
259327389
259327389
259327389
259327389
259327389
259327389
259327389
259327389
259327389
259327389
259327389
259327389
259327389
259327389
259327389
259327389
259327389
259327389
259327389
259327389
259327389
259327389
259327389
259327389
259327389
259327389
259327389
259327389
259327389
259327389
259327389
259327389
259327389
259327389
259327389
259327389
259327389
259327389
259327389
259327389
259327389
259327389
259327389
259327389
259327389
259327389
259327389
259327389
259327389
259327389
259327389
259327389
259327389
259327389
259327389
259327389
259327389
259327389
259327389
259327389
259327389
259327389
259327389
259327389
259327389
259327389
259327389
259327389
259327389
259327389
259327389
259327389
259327389
259327389
259327389
259327389
259327389
259327389
259327389
259327389
259327389
259327389
259327389
259327389
259327389
259327389
259327389
259327389
259327389
259327389
259327389
259327389
259327389
259327389
259327389
259327389
259327389
259327389
259327389
259327389
259327389
259327389
259327389
259327389
259327389
259327389
259327389
259327389
259327389
259327389
259327389
259327389
259327389
259327389
259327389
259327389
259327389
259327389
259327389
259327389
259327389
259327389
259327389
259327389
259327389
259327389
259327389
259327389
259327389
259327389
259327389
259327389
259327389
259327389
259327389
259327389
259327389
259327389
259327389
259327389
259327389
259327389
259327389
259327389
259327389
259327389
259327389
259327389
259327389
259327389
259327389
259327389
259327389
259327389
259327389
259327389
259327389
259327389
259327389
259327389
259327389
259327389
259327389
259327389
259327389
259327389
259327389
259327389
259327389
259327389
259327389
259327389
259327389
259327389
259327389
259327389
259327389
259327389
259327389
259327389
259327389
259327389
259327389
259327389
259327389
259327389
259327389
259327389
259327389
259327389
259327389
259327389
259327389
259327389
259327389
259327389
259327389
259327389
259327389
259327389
259327389
259327389
259327389
259327389
259327389
259327389
259327389
259327389
259327389
259327389
259327389
259327389
259327389
259327389
259327389
259327389
259327389
259327389
259327389
259327389
259327389
259327389
259327389
259327389
259327389
259327389
259327389
259327389
259327389
259327389
259327389
259327389
259327389
259327389
259327389
259327389
259327389
259327389
259327389
259327389
259327389
259327389
259327389
259327389
259327389
259327389
259327389
259327389
259327389
259327389
259327389
259327389
259327389
259327389
259327389
259327389
259327389
259327389
259327389
259327389
259327389
259327389
259327389
259327389
259327389
259327389
259327389
259327389
259327389
259327389
259327389
259327389
259327389
259327389
259327389
259327389
259327389
259327389
259327389
259327389
259327389
259327389
259327389
259327389
259327389
259327389
259327389
259327389
259327389
259327389
259327389
259327389
259327389
259327389
259327389
259327389
259327389
259327389
259327389
259327389
259327389
259327389
259327389
259327389
259327389
259327389
259327389
259327389
259327389
259327389
259327389
259327389
259327389
259327389
259327389
259327389
259327389
259327389
259327389
259327389
259327389
259327389
259327389
259327389
259327389
259327389
259327389
259327389
259327389
259327389
259327389
259327389
259327389
259327389
259327389
259327389
259327389
259327389
259327389
259327389
259327389
259327389
259327389
259327389
259327389
259327389
259327389
259327389
259327389
259327389
259327389
259327389
259327389
259327389
259327389
259327389
259327389
259327389
259327389
259327389
259327389
259327389
259327389
259327389
259327389
259327389
259327389
259327389
259327389
259327389
259327389
259327389
259327389
259327389
259327389
259327389
259327389
259327389
259327389
259327389
259327389
259327389
259327389
259327389
259327389
259327389
259327389
259327389
259327389
259327389
259327389
259327389
259327389
259327389
259327389
259327389
259327389
259327389
259327389
259327389
259327389
259327389
259327389
259327389
259327389
259327389
259327389
259327389
259327389
259327389
259327389
259327389
259327389
259327389
259327389
259327389
259327389
259327389
259327389
259327389
259327389
259327389
259327389
259327389
259327389
259327389
259327389
259327389
259327389
259327389
259327389
259327389
259327389
259327389
259327389
259327389
259327389
259327389
259327389
259327389
259327389
259327389
259327389
259327389
259327389
259327389
259327389
259327389
259327389
259327389
259327389
259327389
259327389
259327389
259327389
259327389
259327389
259327389
259327389
259327389
259327389
259327389
259327389
259327389
259327389
259327389
259327389
259327389
259327389
259327389
259327389
259327389
259327389
259327389
259327389
259327389
259327389
259327389
259327389
259327389
259327389
259327389
259327389
259327389
259327389
259327389
259327389
259327389
259327389
259327389
259327389
259327389
259327389
259327389
259327389
259327389
259327389
259327389
259327389
259327389
259327389
259327389
259327389
259327389
259327389
259327389
259327389
259327389
259327389
259327389
259327389
259327389
259327389
259327389
259327389
259327389
259327389
259327389
259327389
1031390972
0
422420341
862475271
2008184295
668733177
200240383
2122202949
842693636
1256088375
1714211910
1085636628
1726033873
844317282
818388639
2075127254
1440300830
1950283198
94326206
1400031714
1679105866
1535014379
1753493870
2041748468
1480092525
1456537947
47453943
1860415358
537393970
1049212307
1362646151
237860629
1664252009
263008501
852856699
408487574
1723609574
2053645254
1545600216
465108998
2025019151
1844835395
1130586878
1291152596
583927292
785374752
1132169435
1744515063
1013697602
1859474145
1196981065
1540815675
797667505
1173709488
1703289514
1039867958
1550353704
631571135
1965358880
957750838
235841638
1365196944
292198918
101581732
1669193850
466321389
1807614560
1895717283
871859523
852734367
375945167
1541315701
1721389503
2024446883
1458423996
657207986
775585375
826911982
2039205307
1335010281
1224689819
1260998595
1953901443
724729478
658605365
1275779397
2028553088
644203543
1144595500
158849041
555510344
65640092
559725359
2106520046
963267599
420247766
1514307479
294707738
1639941886
1454203994
889085877
212877101
1417398458
540377279
1577744097
491804191
1024265754
371574797
1860048816
1050080345
858714233
1093277122
217060136
592913940
628993216
1085401364
1094867708
54763676
909816696
624778624
650004837
865004373
827034521
1435579182
1848213669
1848874702
534119431
1818049461
1441191937
917687094
2065599739
1791055443
1332755431
1428453697
1247527089
987121548
688984851
1834433816
402050479
924767292
313270704
823944914
203421396
400483425
1360916380
361886616
407678367
1098596040
1761624652
1719035883
1036173088
1682544127
304591407
1726979099
186514575
1191707130
618904156
1608744118
1270041127
1687502607
901697470
126471613
346836882
559180748
526083251
389047253
1718799893
1702172974
1968138847
360530777
657502541
857813287
1215835718
1335172464
2037338462
1951374022
807614153
557072714
1400405515
1465446054
1644422210
1160740121
1853620449
63019999
1123810320
1900305463
1043645983
2071722637
2027228330
120902198
981068157
631637713
1243576301
1288198629
276436262
411946212
298835559
536507842
269396162
1364401655
155641749
16325510
900616378
84756891
1352310912
1399534706
842435782
1590529791
1118539464
1874640655
1077544215
552098802
506871392
1061432198
1294774544
1403720578
210877519
1411035192
1255926908
1014916735
2085997515
1316698150
2104760064
14363370
376543120
274183355
1055527609
1605208941
694064759
211110133
1115384570
1730932995
587389086
360734858
2004123115
101318817
266099339
1911341774
660368621
1410087946
1876316877
1510455425
1551976010
173760360
2057375132
1246512197
1710446465
1342024427
632093626
1532441407
1439470159
825979520
894731127
99026554
1374142343
1389188010
7624027
1298468300
1951600916
124598002
715373450
398530671
1633113914
1081855417
407968057
1303887878
1339011161
984845294
1090222355
979712528
1999255024
315497928
1507514315
2131284889
2063574344
240126449
885744057
510723397
908450198
1443122602
2098123817
2024399181
399176888
1020599211
2043735967
71749618
394909332
125161308
760288407
1534080245
600353712
1365579325
1653552447
1886646853
1968011212
1328367014
1780731175
1083760660
707527279
487117576
51599960
1058784210
94130602
1886338649
95859710
1601863898
2033234405
2065283423
183876818
28038742
970836190
1847135841
677949172
698228112
1869149302
677987260
437386685
179348981
458616870
796743982
1036709355
995222436
956381769
1064482266
1485252551
1936872192
1232303092
2025544836
240445518
351956414
2036518534
813351281
424504663
189280949
1181543131
185362040
351673069
529841563
1276169957
705295510
2062884586
1732717795
1085786067
1882411058
1255615037
847478428
1787389280
1109489649
1508697830
1838748769
1716298795
1205000069
1186446859
82132976
1438808892
1608202361
1166290367
1287662186
807891377
1089927318
52405818
1514716863
2135384857
2109635123
2088187866
1092687095
1692298641
2117272693
1447388009
95899764
104075284
1015370343
1402491214
1414202829
6580679
1128268799
52670848
594356844
1852019354
1545890622
2034004626
808899705
1979250202
90699603
1426332780
1006841665
843533311
261614936
1471259860
356119816
2012066230
642731179
988317629
1076506909
2109652146
138800105
1614950023
2080168592
1676249235
1230084507
1266178148
1909376272
1551602572
236818437
1236565656
303597390
176476965
123170450
1329642557
620902063
297896381
1173562624
1847946735
2026982655
1893222513
1766387667
1269463788
1026386188
1784143730
2016051217
1391349741
237529817
620297336
533873121
1377475719
594837256
562399137
423492407
1036842351
553418135
967139713
1974832004
1646671438
215735158
2106585258
127853820
2079204182
444655941
1106174564
1361894196
591888459
1285893259
453989707
982261202
1144669704
434573497
1253887954
210151915
1054747068
1515640204
1998525085
222106356
1663559015
1145112984
1712555313
324623966
480530929
1937432963
2143584188
583944476
1670993790
611077410
1812773595
920700186
165996674
1094197567
1127961575
1666707307
1452481958
482152556
898291249
722284034
490573077
1874140573
1660397031
1562086795
1034312487
508481539
1800558854
592759848
297934556
1948179880
1944686558
1880229133
2039393275
849867252
2112028745
2068361129
145025392
1904379311
1407601492
1851487224
1982349709
947405032
1888628428
323948561
1993395975
1155709031
298102130
1644752698
682749204
1647643478
766191820
720066033
1155421371
273033302
484183167
1111315797
1912409020
879094406
1318427362
1805329295
313462281
1949890539
2003364113
295077232
238157629
1583496352
736950632
945233297
288018401
1154129236
1314098558
1824828198
74369925
714533080
128691772
1935371269
855705857
1428439800
1502338568
177829177
873595900
635453656
297807065
1129424254
344065007
1065389104
996950464
670715817
1304974314
502237490
234313273
1540318202
1528470296
786829262
919449434
499725654
1332769871
1544886912
757171476
729505294
2033387338
1106763195
1215859991
587460511
1312929846
524771317
490647313
2010233066
1242889557
894234971
1367778114
2069976264
1895738535
544262216
1549400809
2140419788
1774965102
1678385751
118260117
1695349003
1510544275
325135304
1011509290
371506552
1337468837
1436276538
1317171610
618852457
1387580430
831592709
590422145
569953698
1394672762
239372396
1611744719
1005694771
400396959
556975735
606388704
133693068
1388985269
1806785303
871879698
1109203414
1897714278
1265439224
1414062813
192698201
1374719644
955356559
1630340150
1638013765
1814923675
1191605921
1099317370
479456655
1570188451
170505464
506083964
499273527
5972962
1007354084
1471297749
966226122
200455034
1319754812
1999561185
1687968133
564295009
649883110
469176583
1873363615
39061840
2015262867
382172628
1080544271
1227376881
386006237
2016900383
1521267317
399141115
343981900
817961429
1893599794
1818747453
2134539494
1965999134
1533070762
1575102656
1237011140
558496991
469126189
281568313
1760011637
248298589
223744695
1553699184
439174524
271710725
776561207
97091207
572937006
1560350961
163774665
601785793
438472805
824472133
1889686254
1979317585
675944260
606363978
30101207
37116854
1818229895
1903899506
286823033
774461035
877603610
791784215
2108139072
1908884364
1487672968
515217940
404207978
1232007943
1693676687
976283180
1300165188
1445713796
3501424
18970692
1222766066
33405825
1576860856
1854866841
376658586
278282521
324259446
1074581800
1104041827
1074143861
336047990
511452292
2141008496
1863373703
1421930566
1981498485
1323939663
237478159
719872011
1082435590
526652540
810363629
1699711733
1334400203
1600883571
1211261831
324715967
2083175911
1219156309
531665095
280753646
1556171864
748587739
366390024
854822029
1017853820
1704739395
578741120
541813239
206197375
816798520
480515479
1778313218
928218258
473011077
602547681
679925895
902211493
1492205076
1971252421
1375905511
541140257
1440388202
1924268325
1867664000
260233559
1771834457
624224751
72593625
1907359924
1258857391
974484219
58732969
1791840623
148968608
2059425977
1659287552
1135181513
150599893
947127251
1828425287
2088191889
1233066410
1571301128
820831579
1417850662
155293221
425657436
1411911686
342244194
2104048635
707125171
267103266
1445707094
2035489297
1083195336
265479410
319556373
467608840
1022956448
1322038161
877295809
1728954844
678458546
237250632
1976407124
11973303
1287007323
2135755299
577215384
1981162125
1166715733
903936841
1496326847
1879379433
1272515527
1098030148
1040696174
594363945
141683863
1259105686
173341029
1979111085
276114725
150902396
553593762
771836622
465659728
912144383
1572619067
1461953270
1996528616
761148725
553389535
1761598687
747499422
874052950
1492216552
1579607963
243051900
1853523431
1346961354
378655708
1718756896
1833018523
287685124
847930844
1178027407
625198565
1525042676
1868154295
854677092
293967614
429722670
1622354116
275638626
353637900
2039961677
1503951786
1192821407
303984595
1575084920
1852736148
1886858694
439990033
1171530771
679259037
1791973791
1535718316
1085854483
1701359524
1883649595
25353123
1032006053
1020235509
85155731
1111567968
204076925
1972824216
1482530660
950538989
1794843541
972091109
275979288
1041691215
14331936
166176999
1703020468
1252140791
503574427
1196685843
9766456
1016209591
1955597124
2004411937
608080298
1660448367
640117168
1557522390
456468283
295406927
352262963
1204119331
1036400931
713679682
138953033
368804152
142177329
1318033186
153786746
52474191
321021375
1089644770
1607623926
2132729468
1473517175
2037750596
988988420
254955220
1899011700
976768055
123943306
857957205
239534877
694761512
834312854
2049632939
2044663927
1731431983
1778526588
1713458624
488742068
1242008864
1752845047
847065458
102678076
2093208415
38425486
637949371
621850045
682801947
492751499
730387457
1918576841
1117964659
1747868271
1817066231
1625126845
838800152
1720799241
2073107806
1154879985
987939364
1685883178
1847024447
955446784
1708684737
1597955575
1383518489
962650175
1163772811
1094999329
1356597008
93827634
