100
278838
701343
64780
729194
620925
261872
984954
81541
699765
572167
995101
623517
480303
352043
567979
856681
361481
972893
692411
394565
589497
276154
12299
742101
505774
644389
594154
676721
647080
387169
693087
664590
388296
185865
452849
865472
464055
772819
326383
804164
385335
186328
991926
229320
50253
774408
841316
142741
762449
715332
721236
850864
279286
572183
444675
740331
928882
908196
272595
385519
614949
881741
340978
454714
225922
626900
502974
489790
107611
406442
952204
913285
840374
857675
985248
131085
323639
372797
882026
195347
934080
185026
309621
798279
489558
562631
575626
60315
405381
671747
760787
263396
779162
243182
642158
745368
782525
401979
431393
170897
729194
856681
742101
388296
676721
952204
804164
644389
323639
272595
693087
664590
614949
995101
502974
131085
623517
692411
745368
385519
589497
279286
64780
699765
701343
881741
882026
489790
774408
572183
243182
567979
671747
908196
170897
185865
991926
721236
444675
782525
81541
361481
12299
340978
985248
186328
60315
142741
489558
352043
972893
431393
185026
401979
626900
772819
642158
326383
454714
229320
405381
385335
464055
779162
225922
575626
913285
107611
50253
452849
620925
572167
394565
278838
309621
276154
762449
195347
372797
928882
857675
934080
505774
984954
740331
261872
850864
841316
865472
263396
760787
594154
406442
647080
798279
480303
840374
387169
562631
715332
